Cod. Municipio|Departamento|Municipio|AÑO|Población municipio|Total Hombres|Total Mujeres|% mujeres municipio|% jóvenes municipio
05001|Antioquia|Medellín|2024|2616335|1232017|1384318|52,91057911161988|23,49217512283404
05002|Antioquia|Abejorral|2024|21468|11230|10238|47,689584497857275|19,638531768213156
05004|Antioquia|Abriaquí|2024|2855|1549|1306|45,74430823117338|20,875656742556917
05021|Antioquia|Alejandría|2024|4955|2454|2501|50,474268415741676|19,414732593340062
05030|Antioquia|Amagá|2024|32412|15890|16522|50,97494755029002|22,328150067876095
05031|Antioquia|Amalfi|2024|27846|13896|13950|50,096961861667744|24,129138835021188
05034|Antioquia|Andes|2024|46183|23963|22220|48,11294199164195|22,291752376415563
05036|Antioquia|Angelópolis|2024|6109|3079|3030|49,59895236536258|21,28007857259781
05038|Antioquia|Angostura|2024|12121|6135|5986|49,38536424387427|23,240656711492452
05040|Antioquia|Anorí|2024|19675|10376|9299|47,26302414231258|25,651842439644216
05042|Antioquia|Santafé de Antioquia|2024|28049|13865|14184|50,56864772362651|22,835038682305964
05044|Antioquia|Anzá|2024|7483|3876|3607|48,20259254309769|22,343979687291192
05045|Antioquia|Apartadó|2024|131422|63795|67627|51,457898981905615|26,300010652706547
05051|Antioquia|Arboletes|2024|32192|16015|16177|50,2516153081511|22,173210735586483
05055|Antioquia|Argelia|2024|8024|4118|3906|48,67896311066799|21,547856430707878
05059|Antioquia|Armenia|2024|5404|2687|2717|50,277572168763875|15,877128053293857
05079|Antioquia|Barbosa|2024|56103|27839|28264|50,37876762383473|21,925743721369624
05086|Antioquia|Belmira|2024|6405|3228|3177|49,60187353629977|23,653395784543328
05088|Antioquia|Bello|2024|566456|272851|293605|51,83191633595548|24,54100583275665
05091|Antioquia|Betania|2024|10892|5612|5280|48,47594564818215|22,062063900110175
05093|Antioquia|Betulia|2024|16604|8487|8117|48,88581064803662|23,08479884365213
05101|Antioquia|Ciudad Bolívar|2024|27711|13839|13872|50,05954314171268|21,103532893074952
05107|Antioquia|Briceño|2024|8523|4454|4069|47,741405608353865|23,923501114630998
05113|Antioquia|Buriticá|2024|10017|5217|4800|47,918538484576224|23,849455924927625
05120|Antioquia|Cáceres|2024|31160|16275|14885|47,769576379974325|23,770860077021823
05125|Antioquia|Caicedo|2024|8870|4404|4466|50,34949267192784|23,3032694475761
05129|Antioquia|Caldas|2024|86081|40829|45252|52,5690919018134|22,028089822376597
05134|Antioquia|Campamento|2024|9755|5029|4726|48,446950281906716|23,382880574064583
05138|Antioquia|Cañasgordas|2024|16371|8220|8151|49,78926149899212|21,6480361615051
05142|Antioquia|Caracolí|2024|4824|2417|2407|49,89635157545605|18,760364842454393
05145|Antioquia|Caramanta|2024|4951|2465|2486|50,212078368006466|17,915572611593618
05147|Antioquia|Carepa|2024|52184|25854|26330|50,45607849149164|27,05426950789514
05148|Antioquia|El Carmen de Viboral|2024|64265|31619|32646|50,79903524468996|23,471563059207966
05150|Antioquia|Carolina|2024|4219|2064|2155|51,07845461009718|18,795923204550842
05154|Antioquia|Caucasia|2024|97803|47630|50173|51,300062370274944|24,595360060529842
05172|Antioquia|Chigorodó|2024|62235|29833|32402|52,063951152888244|26,481883184703143
05190|Antioquia|Cisneros|2024|10422|4935|5487|52,648244099021305|19,967376703127997
05197|Antioquia|Cocorná|2024|16551|8171|8380|50,631381789619965|20,198175336837654
05206|Antioquia|Concepción|2024|5049|2607|2442|48,36601307189542|18,36007130124777
05209|Antioquia|Concordia|2024|22737|11290|11447|50,34525223204468|21,51559132691208
05212|Antioquia|Copacabana|2024|84209|40901|43308|51,42918215392655|22,574784167963045
05234|Antioquia|Dabeiba|2024|24586|12434|12152|49,42650288782234|23,371024160091107
05237|Antioquia|Donmatías|2024|20360|9470|10890|53,48722986247544|23,536345776031435
05240|Antioquia|Ebéjico|2024|12820|6502|6318|49,28237129485179|17,113884555382217
05250|Antioquia|El Bagre|2024|56306|27563|28743|51,04784570028061|25,0115440627997
05264|Antioquia|Entrerríos|2024|12062|5996|6066|50,290167468081584|23,24655944287846
05266|Antioquia|Envigado|2024|248304|113975|134329|54,09860493588504|18,813228945163992
05282|Antioquia|Fredonia|2024|25981|13026|12955|49,863361687386934|18,605904314691504
05284|Antioquia|Frontino|2024|21905|10901|11004|50,235106140150656|21,981282812143345
05306|Antioquia|Giraldo|2024|5963|3061|2902|48,66677846721449|21,750796578903238
05308|Antioquia|Girardota|2024|55902|27376|28526|51,02858573932954|22,362348395406247
05310|Antioquia|Gómez Plata|2024|10397|5126|5271|50,697316533615464|18,45724728287006
05313|Antioquia|Granada|2024|10785|5336|5449|50,523875753361146|20,74177097821048
05315|Antioquia|Guadalupe|2024|6966|3547|3419|49,08125179443009|22,52368647717485
05318|Antioquia|Guarne|2024|59710|29504|30206|50,587841232624356|21,674761346508124
05321|Antioquia|Guatapé|2024|9020|4372|4648|51,52993348115299|21,186252771618623
05347|Antioquia|Heliconia|2024|5716|2983|2733|47,813156053184045|18,561931420573828
05353|Antioquia|Hispania|2024|5846|2904|2942|50,32500855285665|20,30448169688676
05360|Antioquia|Itagüí|2024|299348|142071|157277|52,53985328113099|22,48186057698732
05361|Antioquia|Ituango|2024|28890|17448|11442|39,60539979231568|23,883696780893043
05364|Antioquia|Jardín|2024|15513|7692|7821|50,41578031328563|20,24753432604912
05368|Antioquia|Jericó|2024|14454|7171|7283|50,38743600387436|18,479313684793137
05376|Antioquia|La Ceja|2024|70387|33914|36473|51,81780726554619|22,558142838876496
05380|Antioquia|La Estrella|2024|77611|37620|39991|51,52748965997088|22,23653863498731
05390|Antioquia|La Pintada|2024|8614|4340|4274|49,61690271650801|25,14511260738333
05400|Antioquia|La Unión|2024|23072|11289|11783|51,07056171983356|23,66504854368932
05411|Antioquia|Liborina|2024|10649|5429|5220|49,01868720067612|19,08160390647009
05425|Antioquia|Maceo|2024|8707|4299|4408|50,62593315722982|20,156196164005973
05440|Antioquia|Marinilla|2024|69898|34055|35843|51,27900655240494|23,640161378007953
05467|Antioquia|Montebello|2024|7035|3558|3477|49,424307036247335|17,668798862828712
05475|Antioquia|Murindó|2024|5300|2686|2614|49,32075471698113|23,660377358490567
05480|Antioquia|Mutatá|2024|15035|7611|7424|49,37811772530761|24,42966411706019
05483|Antioquia|Nariño|2024|10812|5509|5303|49,04735479097299|20,172031076581575
05490|Antioquia|Necoclí|2024|45530|22432|23098|50,73138589940699|24,20601801010323
05495|Antioquia|Nechí|2024|27901|14426|13475|48,29576000860184|23,615641016451022
05501|Antioquia|Olaya|2024|3327|1662|1665|50,04508566275925|18,78569281635107
05541|Antioquia|Peñol|2024|22592|11019|11573|51,22609773371105|20,972025495750707
05543|Antioquia|Peque|2024|8644|4549|4095|47,37390097177233|23,426654326700604
05576|Antioquia|Pueblorrico|2024|9198|4593|4605|50,06523157208089|20,29789084583605
05579|Antioquia|Puerto Berrío|2024|42203|21122|21081|49,95142525412886|23,14527403265171
05585|Antioquia|Puerto Nare|2024|15232|7563|7669|50,34795168067227|18,940388655462183
05591|Antioquia|Puerto Triunfo|2024|19554|10696|8858|45,30019433364018|25,155978316456988
05604|Antioquia|Remedios|2024|30501|15171|15330|50,260647191895345|24,776236844693617
05607|Antioquia|Retiro|2024|25431|12355|13076|51,417561244150846|19,41331445873147
05615|Antioquia|Rionegro|2024|146880|71909|74971|51,042347494553375|22,572848583877995
05628|Antioquia|Sabanalarga|2024|9668|5066|4602|47,60033098882913|23,510550268928423
05631|Antioquia|Sabaneta|2024|89647|41634|48013|53,55784354189209|20,28623378361797
05642|Antioquia|Salgar|2024|19314|9618|9696|50,20192606399503|21,802837320078698
05647|Antioquia|San Andrés de Cuerquía|2024|7649|3916|3733|48,80376519806511|23,31023663223951
05649|Antioquia|San Carlos|2024|16984|8645|8339|49,09915214319359|20,41921808761187
05652|Antioquia|San Francisco|2024|5996|2985|3011|50,21681120747164|20,79719813208806
05656|Antioquia|San Jerónimo|2024|16499|8077|8422|51,04551791017637|21,78313837202255
05658|Antioquia|San José de La Montaña|2024|3920|1909|2011|51,30102040816327|25,051020408163264
05659|Antioquia|San Juan de Urabá|2024|21707|10667|11040|50,85916985304279|23,45326392407979
05660|Antioquia|San Luis|2024|13791|6742|7049|51,113044739322746|21,75331738090059
05664|Antioquia|San Pedro de Los Milagros|2024|23573|11331|12242|51,93229542272939|23,70084418614517
05665|Antioquia|San Pedro de Urabá|2024|33180|16986|16194|48,806509945750456|24,116937914406268
05667|Antioquia|San Rafael|2024|16617|8283|8334|50,15345730276223|20,822049708130226
05670|Antioquia|San Roque|2024|22966|11592|11374|49,52538535225986|21,179134372550728
05674|Antioquia|San Vicente|2024|23546|12278|11268|47,855262040261614|21,88057419519239
05679|Antioquia|Santa Bárbara|2024|27862|13790|14072|50,50606560907329|19,40635991673247
05686|Antioquia|Santa Rosa de Osos|2024|39054|19351|19703|50,45065806319455|24,591591130229936
05690|Antioquia|Santo Domingo|2024|13075|6800|6275|47,992351816443595|20,818355640535373
05697|Antioquia|El Santuario|2024|38116|17932|20184|52,95413999370343|22,352817714345683
05736|Antioquia|Segovia|2024|40922|20291|20631|50,41542446605738|26,220614828209765
05756|Antioquia|Sonsón|2024|38520|19365|19155|49,72741433021807|22,24558670820353
05761|Antioquia|Sopetrán|2024|16089|8027|8062|50,108769967058244|20,697370874510533
05789|Antioquia|Támesis|2024|17176|8650|8526|49,63903120633442|18,47345132743363
05790|Antioquia|Tarazá|2024|29082|14354|14728|50,64300942163538|23,93232927584073
05792|Antioquia|Tarso|2024|6555|3260|3295|50,26697177726926|22,593440122044242
05809|Antioquia|Titiribí|2024|11364|5561|5803|51,06476592749032|19,00739176346357
05819|Antioquia|Toledo|2024|5266|2793|2473|46,96164071401443|21,91416635017091
05837|Antioquia|Turbo|2024|134517|64397|70120|52,12724042314354|25,726859802106798
05842|Antioquia|Uramita|2024|7277|3723|3554|48,838807200769544|22,02830836883331
05847|Antioquia|Urrao|2024|32139|15979|16160|50,28158934627711|22,77295497681944
05854|Antioquia|Valdivia|2024|14722|7305|7417|50,38038310012226|24,602635511479416
05856|Antioquia|Valparaíso|2024|6916|3502|3414|49,363794100636206|18,522267206477732
05858|Antioquia|Vegachí|2024|12556|6219|6337|50,46989487097802|24,107996177126473
05861|Antioquia|Venecia|2024|12322|5937|6385|51,817886706703455|18,98230806687226
05873|Antioquia|Vigía del Fuerte|2024|9752|4791|4961|50,87161607875308|24,96923707957342
05885|Antioquia|Yalí|2024|8091|4162|3929|48,560128537881596|21,517735755778027
05887|Antioquia|Yarumal|2024|44457|21615|22842|51,37998515419394|24,0434577231932
05890|Antioquia|Yolombó|2024|24023|12203|11820|49,20284727136494|20,68850684760438
05893|Antioquia|Yondó|2024|20727|10601|10126|48,8541515897139|22,202923722680563
05895|Antioquia|Zaragoza|2024|26207|12959|13248|50,551379402449726|24,12714160338841
08001|Atlántico|Barranquilla|2024|1334509|641551|692958|51,92606419289791|23,91006729815985
08078|Atlántico|Baranoa|2024|69745|34908|34837|49,94910029392788|23,74650512581547
08137|Atlántico|Campo de La Cruz|2024|25047|12552|12495|49,88621391783447|24,41010899508923
08141|Atlántico|Candelaria|2024|17732|9010|8722|49,187908865328225|24,436047823144598
08296|Atlántico|Galapa|2024|68594|34409|34185|49,836720412864096|25,08674228066595
08372|Atlántico|Juan de Acosta|2024|23569|12244|11325|48,050405193262336|24,065509779795494
08421|Atlántico|Luruaco|2024|31193|15604|15589|49,975956144006666|24,46702785881448
08433|Atlántico|Malambo|2024|143950|71518|72432|50,31747134421675|26,056964223688784
08436|Atlántico|Manatí|2024|21876|11199|10677|48,8069116840373|26,03766684951545
08520|Atlántico|Palmar de Varela|2024|32365|16286|16079|49,68021010350687|23,794222153560945
08549|Atlántico|Piojó|2024|7327|3865|3462|47,24989763886993|23,734134024839634
08558|Atlántico|Polonuevo|2024|20207|10252|9955|49,2651061513337|23,833325085366457
08560|Atlántico|Ponedera|2024|26689|13687|13002|48,716699763947695|25,283824796732734
08573|Atlántico|Puerto Colombia|2024|55463|26993|28470|51,33151830950363|23,21187097704776
08606|Atlántico|Repelón|2024|29016|14553|14463|49,844913151364764|24,22456575682382
08634|Atlántico|Sabanagrande|2024|36300|18105|18195|50,123966942148755|25,132231404958677
08638|Atlántico|Sabanalarga|2024|104302|51846|52456|50,292420087821895|24,087745201434295
08675|Atlántico|Santa Lucía|2024|17912|8919|8993|50,20656543099597|25,636444841447076
08685|Atlántico|Santo Tomás|2024|33353|16462|16891|50,64312055887027|23,497136689353283
08758|Atlántico|Soledad|2024|681835|333370|348465|51,10693936216239|25,66999347349432
08770|Atlántico|Suan|2024|13185|6449|6736|51,088357982555934|25,111869548729615
08832|Atlántico|Tubará|2024|19263|9930|9333|48,45039713440274|23,630794787935418
08849|Atlántico|Usiacurí|2024|13692|7036|6656|48,61232836692959|23,1302950628104
11001|Bogotá, D.C.|Bogotá, D.C.|2024|7929539|3797817|4131722|52,10545026640262|22,829397774574282
13001|Bolívar|Cartagena de Indias|2024|1059626|510732|548894|51,80072969141942|25,369705915105893
13006|Bolívar|Achí|2024|27266|14499|12767|46,823883224528714|24,154624807452503
13030|Bolívar|Altos del Rosario|2024|12177|6310|5867|48,180996961484766|26,15586761928225
13042|Bolívar|Arenal|2024|8004|4145|3859|48,213393303348326|24,662668665667166
13052|Bolívar|Arjona|2024|75995|37489|38506|50,66912296861636|25,50825712217909
13062|Bolívar|Arroyohondo|2024|8808|4422|4386|49,79564032697547|25,181653042688467
13074|Bolívar|Barranco de Loba|2024|16337|8333|8004|48,99308318540736|25,341249923486565
13140|Bolívar|Calamar|2024|24768|12427|12341|49,82638888888889|24,62855297157623
13160|Bolívar|Cantagallo|2024|9101|4839|4262|46,83001867926602|24,129216569607735
13188|Bolívar|Cicuco|2024|14761|7480|7281|49,3259264277488|24,761195040986383
13212|Bolívar|Córdoba|2024|17565|9349|8216|46,774836322231714|24,007970395673215
13222|Bolívar|Clemencia|2024|16224|8216|8008|49,358974358974365|26,695019723865876
13244|Bolívar|El Carmen de Bolívar|2024|76550|39505|37045|48,39320705421294|25,054212932723708
13248|Bolívar|El Guamo|2024|9481|4982|4499|47,45280033751714|22,170657103681044
13268|Bolívar|El Peñón|2024|8136|4253|3883|47,72615535889872|23,365290068829893
13300|Bolívar|Hatillo de Loba|2024|13286|6765|6521|49,08174017763059|25,09408399819359
13430|Bolívar|Magangué|2024|146203|73309|72894|49,85807404772816|24,927669062878326
13433|Bolívar|Mahates|2024|30352|15510|14842|48,8995782814971|25,50408539799684
13440|Bolívar|Margarita|2024|11818|6192|5626|47,60534777458115|21,75495007615502
13442|Bolívar|María La Baja|2024|50897|25552|25345|49,796648132502895|25,924907165451792
13458|Bolívar|Montecristo|2024|18370|10138|8232|44,81219379422972|26,02068590092542
13468|Bolívar|Mompós|2024|48799|24211|24588|50,386278407344406|24,21156171233017
13473|Bolívar|Morales|2024|24811|13151|11660|46,99528434968361|25,33553665712789
13490|Bolívar|Norosí|2024|10879|5772|5107|46,943652909274746|25,930692159205808
13549|Bolívar|Pinillos|2024|26674|13956|12718|47,67938816825373|26,595186323760966
13580|Bolívar|Regidor|2024|7562|3777|3785|50,052896059243594|25,85294895530283
13600|Bolívar|Río Viejo|2024|11534|6100|5434|47,11288364834403|23,63447199583839
13620|Bolívar|San Cristóbal|2024|8743|4382|4361|49,879903923138514|24,648290060619924
13647|Bolívar|San Estanislao|2024|19987|9973|10014|50,10256666833441|23,700405263421224
13650|Bolívar|San Fernando|2024|13841|7116|6725|48,58752980275992|23,574886207643956
13654|Bolívar|San Jacinto|2024|25904|13168|12736|49,16615194564546|24,208616429894995
13655|Bolívar|San Jacinto del Cauca|2024|11113|5872|5241|47,1609826329524|23,47700890848556
13657|Bolívar|San Juan Nepomuceno|2024|40335|20596|19739|48,93764720466097|23,632081318953762
13667|Bolívar|San Martín de Loba|2024|16079|8453|7626|47,42832265688165|24,398283475340506
13670|Bolívar|San Pablo|2024|29770|15105|14665|49,261001007725895|26,466241182398388
13673|Bolívar|Santa Catalina|2024|16039|7944|8095|50,47072760147141|25,21977679406447
13683|Bolívar|Santa Rosa|2024|22912|11200|11712|51,117318435754186|26,26134776536313
13688|Bolívar|Santa Rosa del Sur|2024|36114|18522|17592|48,71241069945174|29,160436395857563
13744|Bolívar|Simití|2024|20066|10542|9524|47,46337087610884|25,2068175022426
13760|Bolívar|Soplaviento|2024|11656|5721|5935|50,91798215511325|22,4691146190803
13780|Bolívar|Talaigua Nuevo|2024|13986|6987|6999|50,042900042900044|25,125125125125123
13810|Bolívar|Tiquisio|2024|19664|10305|9359|47,59458909682669|25,45260374288039
13836|Bolívar|Turbaco|2024|115544|57095|58449|50,58592397701308|24,56986083223707
13838|Bolívar|Turbaná|2024|17929|9139|8790|49,02671649283284|24,184282447431535
13873|Bolívar|Villanueva|2024|25971|13347|12624|48,60806283932078|25,65168842170113
13894|Bolívar|Zambrano|2024|12886|6869|6017|46,6940866056185|25,609188266335558
15001|Boyacá|Tunja|2024|187286|88641|98645|52,670781585382784|26,612774046111294
15022|Boyacá|Almeida|2024|2048|1079|969|47,314453125|15,72265625
15047|Boyacá|Aquitania|2024|16480|8444|8036|48,762135922330096|21,850728155339805
15051|Boyacá|Arcabuco|2024|6341|3171|3170|49,99211480838984|23,57672291436682
15087|Boyacá|Belén|2024|7987|3826|4161|52,097157881557536|21,82296231375986
15090|Boyacá|Berbeo|2024|1700|852|848|49,88235294117647|16,647058823529413
15092|Boyacá|Betéitiva|2024|2069|1015|1054|50,942484291928466|21,65297245045916
15097|Boyacá|Boavita|2024|5422|2718|2704|49,87089634821099|18,922906676503136
15104|Boyacá|Boyacá|2024|5448|2841|2607|47,852422907488986|20,356093979441997
15106|Boyacá|Briceño|2024|2317|1261|1056|45,57617608977126|19,07639188605956
15109|Boyacá|Buenavista|2024|4688|2440|2248|47,95221843003413|17,342150170648466
15114|Boyacá|Busbanzá|2024|1200|600|600|50,0|20,166666666666664
15131|Boyacá|Caldas|2024|3335|1653|1682|50,43478260869565|18,980509745127435
15135|Boyacá|Campohermoso|2024|3299|1682|1617|49,01485298575326|19,79387693240376
15162|Boyacá|Cerinza|2024|3945|1930|2015|51,07731305449936|22,15462610899873
15172|Boyacá|Chinavita|2024|3412|1678|1734|50,820633059788975|16,412661195779602
15176|Boyacá|Chiquinquirá|2024|60737|29096|31641|52,095098539605175|25,50010701878591
15180|Boyacá|Chiscas|2024|4195|2129|2066|49,24910607866508|20,262216924910607
15183|Boyacá|Chita|2024|8405|4322|4083|48,57822724568709|20,67816775728733
15185|Boyacá|Chitaraque|2024|6226|3225|3001|48,20109219402506|18,679730163829102
15187|Boyacá|Chivatá|2024|2995|1504|1491|49,782971619365604|21,569282136894824
15189|Boyacá|Ciénega|2024|4963|2462|2501|50,39290751561556|19,98791053798106
15204|Boyacá|Cómbita|2024|14040|8743|5297|37,72792022792022|21,41737891737892
15212|Boyacá|Coper|2024|3832|1996|1836|47,91231732776618|18,18893528183716
15215|Boyacá|Corrales|2024|2674|1382|1292|48,317127898279736|23,63500373971578
15218|Boyacá|Covarachía|2024|2941|1538|1403|47,704862291737506|18,089085345120708
15223|Boyacá|Cubará|2024|11295|5662|5633|49,87162461266047|25,542275343072156
15224|Boyacá|Cucaita|2024|4020|2032|1988|49,45273631840796|24,228855721393035
15226|Boyacá|Cuítiva|2024|1910|938|972|50,890052356020945|19,581151832460733
15232|Boyacá|Chíquiza|2024|5026|2576|2450|48,74651810584958|20,712296060485475
15236|Boyacá|Chivor|2024|2664|1447|1217|45,68318318318318|18,46846846846847
15238|Boyacá|Duitama|2024|132894|63376|69518|52,31086429786145|23,889716616250546
15244|Boyacá|El Cocuy|2024|4422|2275|2147|48,55269109000452|20,33016734509272
15248|Boyacá|El Espino|2024|3248|1621|1627|50,09236453201971|21,64408866995074
15272|Boyacá|Firavitoba|2024|7194|3548|3646|50,68112315818738|20,33639143730887
15276|Boyacá|Floresta|2024|3461|1644|1817|52,499277665414624|19,4452470384282
15293|Boyacá|Gachantivá|2024|2958|1564|1394|47,12643678160919|18,154158215010142
15296|Boyacá|Gámeza|2024|5165|2652|2513|48,65440464666022|20,929332042594385
15299|Boyacá|Garagoa|2024|19415|9247|10168|52,371877414370324|19,3046613443214
15317|Boyacá|Guacamayas|2024|1967|963|1004|51,04219623792577|19,522114895780376
15322|Boyacá|Guateque|2024|11523|5453|6070|52,677254187277626|18,311203679597327
15325|Boyacá|Guayatá|2024|3527|1756|1771|50,21264530762688|13,55259427275305
15332|Boyacá|Güicán de La Sierra|2024|4545|2309|2236|49,1969196919692|21,936193619361934
15362|Boyacá|Iza|2024|2094|1046|1048|50,04775549188156|21,776504297994272
15367|Boyacá|Jenesano|2024|7755|3819|3936|50,75435203094778|18,82656350741457
15368|Boyacá|Jericó|2024|4168|2178|1990|47,7447216890595|21,665067178502877
15377|Boyacá|Labranzagrande|2024|3730|2026|1704|45,683646112600535|19,758713136729224
15380|Boyacá|La Capilla|2024|2851|1453|1398|49,03542616625745|16,029463346194316
15401|Boyacá|La Victoria|2024|1197|620|577|48,20384294068504|20,133667502088553
15403|Boyacá|La Uvita|2024|3220|1659|1561|48,47826086956522|19,130434782608695
15407|Boyacá|Villa de Leyva|2024|17627|8623|9004|51,08072842797981|23,265445055880186
15425|Boyacá|Macanal|2024|5355|2725|2630|49,11297852474323|17,703081232493
15442|Boyacá|Maripí|2024|6078|3388|2690|44,257979598552154|20,006581112207964
15455|Boyacá|Miraflores|2024|9481|4786|4695|49,520092817213374|19,76584748444257
15464|Boyacá|Mongua|2024|4944|2401|2543|51,43608414239482|21,966019417475728
15466|Boyacá|Monguí|2024|4485|2123|2362|52,6644370122631|22,229654403567448
15469|Boyacá|Moniquirá|2024|24356|12081|12275|50,39825915585482|20,33585153555592
15476|Boyacá|Motavita|2024|6021|2963|3058|50,788905497425674|23,55090516525494
15480|Boyacá|Muzo|2024|9094|4866|4228|46,49219265449747|23,58698042665494
15491|Boyacá|Nobsa|2024|17334|8369|8965|51,71916464751356|23,42217607015115
15494|Boyacá|Nuevo Colón|2024|5493|2834|2659|48,4070635354087|19,424722373930457
15500|Boyacá|Oicatá|2024|3047|1540|1507|49,458483754512635|22,284213980964886
15507|Boyacá|Otanche|2024|8613|4418|4195|48,705445257169394|22,338325786601647
15511|Boyacá|Pachavita|2024|2618|1345|1273|48,62490450725745|14,209320091673034
15514|Boyacá|Páez|2024|3479|1850|1629|46,82379994251222|21,44294337453291
15516|Boyacá|Paipa|2024|36429|17661|18768|51,51939388948365|22,652282522166406
15518|Boyacá|Pajarito|2024|2544|1326|1218|47,87735849056604|22,72012578616352
15522|Boyacá|Panqueba|2024|1814|877|937|51,653803748621826|18,74310915104741
15531|Boyacá|Pauna|2024|7627|3943|3684|48,302084699095325|18,80162580306805
15533|Boyacá|Paya|2024|2795|1473|1322|47,29874776386404|26,29695885509839
15537|Boyacá|Paz de Río|2024|4515|2229|2286|50,631229235880404|20,753045404208194
15542|Boyacá|Pesca|2024|7193|3663|3530|49,07549005978034|20,42263311552899
15550|Boyacá|Pisba|2024|1875|987|888|47,36|25,546666666666667
15572|Boyacá|Puerto Boyacá|2024|50667|25120|25547|50,42137880671837|23,668265340359603
15580|Boyacá|Quípama|2024|5272|2780|2492|47,268588770864945|19,916540212443095
15599|Boyacá|Ramiriquí|2024|10644|5297|5347|50,23487410747839|22,980082675685832
15600|Boyacá|Ráquira|2024|8518|4520|3998|46,93590044611411|23,13923456210378
15621|Boyacá|Rondón|2024|2548|1273|1275|50,0392464678179|18,171114599686028
15632|Boyacá|Saboyá|2024|14623|7146|7477|51,13177870478014|21,561922998016822
15638|Boyacá|Sáchica|2024|5933|3048|2885|48,626327321759646|26,007079049384796
15646|Boyacá|Samacá|2024|19850|9982|9868|49,712846347607055|25,088161209068012
15660|Boyacá|San Eduardo|2024|1767|921|846|47,87775891341256|19,807583474816074
15664|Boyacá|San José de Pare|2024|5328|2787|2541|47,69144144144144|16,6478978978979
15667|Boyacá|San Luis de Gaceno|2024|5877|3008|2869|48,8174238557087|19,82303896545857
15673|Boyacá|San Mateo|2024|3568|1754|1814|50,84080717488789|18,27354260089686
15676|Boyacá|San Miguel de Sema|2024|3203|1603|1600|49,953168904152356|18,389010302841086
15681|Boyacá|San Pablo de Borbur|2024|7099|3882|3217|45,316241724186504|20,439498520918438
15686|Boyacá|Santana|2024|8130|4194|3936|48,413284132841326|21,894218942189422
15690|Boyacá|Santa María|2024|3758|1948|1810|48,16391697711549|19,638105375199576
15693|Boyacá|Santa Rosa de Viterbo|2024|14128|7390|6738|47,6925254813137|24,80181200453001
15696|Boyacá|Santa Sofía|2024|3398|1729|1669|49,11712772218952|18,510888758092996
15720|Boyacá|Sativanorte|2024|2319|1180|1139|49,115998275118585|16,81759379042691
15723|Boyacá|Sativasur|2024|1163|532|631|54,256233877901984|18,572656921754085
15740|Boyacá|Siachoque|2024|7204|3736|3468|48,13992226540811|22,18212104386452
15753|Boyacá|Soatá|2024|9518|4530|4988|52,405967640260556|19,62597184282412
15755|Boyacá|Socotá|2024|7688|4088|3600|46,82622268470343|20,56451612903226
15757|Boyacá|Socha|2024|8525|4246|4279|50,193548387096776|22,123167155425218
15759|Boyacá|Sogamoso|2024|137759|65957|71802|52,12145848910053|23,5084459091602
15761|Boyacá|Somondoco|2024|3088|1526|1562|50,582901554404145|14,248704663212436
15762|Boyacá|Sora|2024|3239|1679|1560|48,163013275702376|22,630441494288362
15763|Boyacá|Sotaquirá|2024|8791|4541|4250|48,34489819133204|21,294505744511433
15764|Boyacá|Soracá|2024|6430|3197|3233|50,27993779160187|22,76827371695179
15774|Boyacá|Susacón|2024|2868|1479|1389|48,43096234309623|18,758716875871688
15776|Boyacá|Sutamarchán|2024|6587|3323|3264|49,552148170639136|21,84606042204342
15778|Boyacá|Sutatenza|2024|4536|2221|2315|51,03615520282187|17,12962962962963
15790|Boyacá|Tasco|2024|6216|3154|3062|49,25997425997426|20,463320463320464
15798|Boyacá|Tenza|2024|4087|2008|2079|50,86860778076829|16,246635674088576
15804|Boyacá|Tibaná|2024|9694|4776|4918|50,73241180111408|17,918299979368683
15806|Boyacá|Tibasosa|2024|14063|6963|7100|50,48709379222072|22,712081348218728
15808|Boyacá|Tinjacá|2024|3537|1747|1790|50,607859768165106|19,536330223353122
15810|Boyacá|Tipacoque|2024|3522|1802|1720|48,8358886996025|19,875070982396366
15814|Boyacá|Toca|2024|9428|4799|4629|49,09843020789138|22,952906236741622
15816|Boyacá|Togüí|2024|4629|2366|2263|48,88744869302225|17,80082091164398
15820|Boyacá|Tópaga|2024|3877|1870|2007|51,76683002321383|23,316997678617486
15822|Boyacá|Tota|2024|5551|2779|2772|49,93694829760403|20,771032246442083
15832|Boyacá|Tununguá|2024|1651|910|741|44,881889763779526|19,382192610539068
15835|Boyacá|Turmequé|2024|6528|3236|3292|50,42892156862745|17,15686274509804
15837|Boyacá|Tuta|2024|8915|4361|4554|51,08244531688166|21,51430173864274
15839|Boyacá|Tutazá|2024|2193|1057|1136|51,801185590515274|20,656634746922027
15842|Boyacá|Úmbita|2024|8043|4164|3879|48,22827303245058|18,87355464378963
15861|Boyacá|Ventaquemada|2024|17012|8506|8506|50,0|22,390077592287795
15879|Boyacá|Viracachá|2024|3006|1542|1464|48,70259481037924|19,494344644045242
15897|Boyacá|Zetaquira|2024|4954|2521|2433|49,111828825191765|19,05530884134033
17001|Caldas|Manizales|2024|457022|214985|242037|52,959594942913036|22,09302834436854
17013|Caldas|Aguadas|2024|23525|11686|11839|50,32518597236982|19,251859723698196
17042|Caldas|Anserma|2024|37573|18838|18735|49,862933489473825|20,048971335799642
17050|Caldas|Aranzazu|2024|10863|5080|5783|53,23575439565498|18,659670440946332
17088|Caldas|Belalcázar|2024|10950|5543|5407|49,37899543378995|20,575342465753423
17174|Caldas|Chinchiná|2024|53609|25604|28005|52,23936279356079|21,744483202447352
17272|Caldas|Filadelfia|2024|11737|5891|5846|49,80829854306893|17,815455397461022
17380|Caldas|La Dorada|2024|75448|36400|39048|51,75485102322129|21,625490403986852
17388|Caldas|La Merced|2024|6293|3189|3104|49,32464643254409|18,27427300174797
17433|Caldas|Manzanares|2024|18789|9432|9357|49,800415136516044|19,804140720634415
17442|Caldas|Marmato|2024|9284|4708|4576|49,28909952606635|23,707453683757002
17444|Caldas|Marquetalia|2024|13701|6859|6842|49,93796073279322|19,115393037004598
17446|Caldas|Marulanda|2024|2726|1430|1296|47,54218635363169|18,451944240645634
17486|Caldas|Neira|2024|21644|10797|10847|50,115505451857324|20,264276473849566
17495|Caldas|Norcasia|2024|6146|3050|3096|50,374227139602986|23,088187438984704
17513|Caldas|Pácora|2024|15791|7939|7852|49,724526629092516|18,396554999683364
17524|Caldas|Palestina|2024|16062|8094|7968|49,607769891669776|20,701033495206076
17541|Caldas|Pensilvania|2024|20331|10224|10107|49,71226206285967|19,457970586788647
17614|Caldas|Riosucio|2024|54078|26954|27124|50,15718036909649|20,572136543511224
17616|Caldas|Risaralda|2024|11333|5908|5425|47,86905497220506|20,250595605753112
17653|Caldas|Salamina|2024|20066|9995|10071|50,18937506229443|18,419216585268614
17662|Caldas|Samaná|2024|21415|10837|10578|49,395283679663784|19,383609619425638
17665|Caldas|San José|2024|4953|2544|2409|48,63718958207147|18,61498081970523
17777|Caldas|Supía|2024|29990|14783|15207|50,70690230076692|22,054018006002003
17867|Caldas|Victoria|2024|10525|5169|5356|50,88836104513064|19,87648456057007
17873|Caldas|Villamaría|2024|69021|33234|35787|51,849437127830655|21,799162573709452
17877|Caldas|Viterbo|2024|13235|6260|6975|52,701171137136384|21,148469965999244
18001|Caquetá|Florencia|2024|179233|88551|90682|50,5944775794636|28,06402838762951
18029|Caquetá|Albania|2024|4794|2417|2377|49,582811848143514|25,761368377138087
18094|Caquetá|Belén de Los Andaquíes|2024|11557|5705|5852|50,63597819503332|26,866833953448126
18150|Caquetá|Cartagena del Chairá|2024|32841|16606|16235|49,435157272921046|26,135014159130353
18205|Caquetá|Curillo|2024|8109|4010|4099|50,54877296830682|25,453200147983722
18247|Caquetá|El Doncello|2024|20336|9982|10354|50,91463414634146|24,26239181746656
18256|Caquetá|El Paujíl|2024|19290|9805|9485|49,17055469155003|25,78538102643857
18410|Caquetá|La Montañita|2024|15621|8104|7517|48,121119006465655|24,998399590295115
18460|Caquetá|Milán|2024|10339|5290|5049|48,83451010736048|25,7471709062772
18479|Caquetá|Morelia|2024|3930|1967|1963|49,94910941475827|25,34351145038168
18592|Caquetá|Puerto Rico|2024|27890|13988|13902|49,84582287558265|26,726425242022227
18610|Caquetá|San José del Fragua|2024|13801|6957|6844|49,590609376132164|26,802405622780956
18753|Caquetá|San Vicente del Caguán|2024|54575|28078|26497|48,55153458543289|26,704535043518096
18756|Caquetá|Solano|2024|12111|6561|5550|45,826108496408224|28,75072248369251
18785|Caquetá|Solita|2024|6389|3226|3163|49,5069650962592|25,77868210987635
18860|Caquetá|Valparaíso|2024|7346|3802|3544|48,243942281513746|25,973318812959434
19001|Cauca|Popayán|2024|343011|164516|178495|52,037689753389834|23,65230269583191
19022|Cauca|Almaguer|2024|19648|9738|9910|50,43770358306189|24,175488599348537
19050|Cauca|Argelia|2024|28128|14836|13292|47,255403868031856|27,23976109215017
19075|Cauca|Balboa|2024|22648|11317|11331|50,03090780642883|24,63352172377252
19100|Cauca|Bolívar|2024|39731|20068|19663|49,490322418262814|22,9291988623493
19110|Cauca|Buenos Aires|2024|35689|17680|18009|50,46092633584578|26,843004847431985
19130|Cauca|Cajibío|2024|45019|22945|22074|49,03263066705169|24,913925231568893
19137|Cauca|Caldono|2024|43224|21895|21329|49,34527114565982|26,67962243198223
19142|Cauca|Caloto|2024|31552|15690|15862|50,2725659229209|26,952332657200813
19212|Cauca|Corinto|2024|27111|13615|13496|49,78053188742577|27,450112500461067
19256|Cauca|El Tambo|2024|57741|29540|28201|48,84051194125492|23,18629743163437
19290|Cauca|Florencia|2024|5509|2813|2696|48,93810128880015|24,977309856598293
19300|Cauca|Guachené|2024|20594|9526|11068|53,74380887637176|26,50772069534816
19318|Cauca|Guapi|2024|29540|14618|14922|50,514556533513876|27,149627623561273
19355|Cauca|Inzá|2024|31097|15656|15441|49,65430748946844|26,005724024825543
19364|Cauca|Jambaló|2024|19297|9655|9642|49,96631600766959|28,792040213504688
19392|Cauca|La Sierra|2024|11406|5807|5599|49,08819919340698|22,926529896545677
19397|Cauca|La Vega|2024|26295|13316|12979|49,35919376307283|24,483742156303478
19418|Cauca|López de Micay|2024|19958|10067|9891|49,55907405551658|27,287303337007717
19450|Cauca|Mercaderes|2024|25097|12615|12482|49,735028091006896|21,29338167908515
19455|Cauca|Miranda|2024|33748|16416|17332|51,357117458812375|25,15408320493066
19473|Cauca|Morales|2024|42017|21174|20843|49,60611181188567|26,051360163743247
19513|Cauca|Padilla|2024|10607|4994|5613|52,91788441595173|25,68115395493542
19517|Cauca|Páez|2024|49628|25252|24376|49,11743370677843|26,8820020955912
19532|Cauca|Patía|2024|39406|19061|20345|51,62919352382885|23,963355834136934
19533|Cauca|Piamonte|2024|9807|5058|4749|48,42459467727134|25,8794738452126
19548|Cauca|Piendamó - Tunía|2024|43961|21689|22272|50,66308773685767|24,355678897204342
19573|Cauca|Puerto Tejada|2024|44610|20609|24001|53,80183815288052|25,236494059627884
19585|Cauca|Puracé|2024|18619|9253|9366|50,3034534615178|27,165798378000964
19622|Cauca|Rosas|2024|12271|6255|6016|49,02615923722598|21,318555944910766
19693|Cauca|San Sebastián|2024|11759|5841|5918|50,32740879326474|24,517390934603284
19698|Cauca|Santander de Quilichao|2024|118031|57494|60537|51,28906812617024|25,259465733578466
19701|Cauca|Santa Rosa|2024|5675|2976|2699|47,559471365638764|23,806167400881055
19743|Cauca|Silvia|2024|40404|20009|20395|50,477675477675476|27,153252153252154
19760|Cauca|Sotará Paispamba|2024|15010|7430|7580|50,49966688874083|24,423717521652232
19780|Cauca|Suárez|2024|34094|17182|16912|49,604035900745|26,21575643808295
19785|Cauca|Sucre|2024|10044|5091|4953|49,313022700119475|24,442453205894065
19807|Cauca|Timbío|2024|38091|18848|19243|50,518495182589064|22,93192617678717
19809|Cauca|Timbiquí|2024|28111|14162|13949|49,6211447476077|26,598128846359074
19821|Cauca|Toribío|2024|37582|18885|18697|49,74988026182747|29,934543132350594
19824|Cauca|Totoró|2024|26580|13249|13331|50,15425131677953|27,720090293453726
19845|Cauca|Villa Rica|2024|22156|10233|11923|53,813865318649576|25,550640909911536
20001|Cesar|Valledupar|2024|567593|277719|289874|51,07074963926617|26,514597607792904
20011|Cesar|Aguachica|2024|128425|62723|65702|51,15982090714425|26,148335604438387
20013|Cesar|Agustín Codazzi|2024|70929|35497|35432|49,95417953164432|25,817366662437085
20032|Cesar|Astrea|2024|23300|11910|11390|48,884120171673814|25,52360515021459
20045|Cesar|Becerril|2024|25208|12706|12502|49,59536655030149|27,138210092034278
20060|Cesar|Bosconia|2024|46856|23556|23300|49,7268226054294|27,590916851630524
20175|Cesar|Chimichagua|2024|39670|19718|19952|50,294933198890845|23,75094529871439
20178|Cesar|Chiriguaná|2024|32291|15963|16328|50,56517295840946|25,24232758353721
20228|Cesar|Curumaní|2024|43557|21618|21939|50,368482677870375|25,881029455655806
20238|Cesar|El Copey|2024|34993|17499|17494|49,992855713999944|25,89660789300717
20250|Cesar|El Paso|2024|43619|21621|21998|50,43215112680254|27,128086384373784
20295|Cesar|Gamarra|2024|17452|8677|8775|50,28077011230805|24,43845977538391
20310|Cesar|González|2024|4889|2573|2316|47,371650644303536|23,031294743301288
20383|Cesar|La Gloria|2024|19962|10279|9683|48,50716361086064|24,767057409077246
20400|Cesar|La Jagua de Ibirico|2024|54368|26940|27428|50,448793407886996|28,15994702766333
20443|Cesar|Manaure Balcón del Cesar|2024|11765|5955|5810|49,38376540586486|26,57033574160646
20517|Cesar|Pailitas|2024|21642|10563|11079|51,192126420848346|25,473616116809904
20550|Cesar|Pelaya|2024|24170|12171|11999|49,644187008688455|25,626810095159286
20570|Cesar|Pueblo Bello|2024|31317|15818|15499|49,49069195644538|27,2886930421177
20614|Cesar|Río de Oro|2024|19557|9897|9660|49,39407884644884|24,119241192411923
20621|Cesar|La Paz|2024|32358|16168|16190|50,03399468446752|26,086284690030286
20710|Cesar|San Alberto|2024|30644|15292|15352|50,09789844667798|25,60697036940347
20750|Cesar|San Diego|2024|22067|11033|11034|50,0022658268002|24,720170390175376
20770|Cesar|San Martín|2024|31062|15798|15264|49,1404288197798|26,66280342540725
20787|Cesar|Tamalameque|2024|17792|8721|9071|50,983588129496404|23,381294964028775
23001|Córdoba|Montería|2024|527456|256374|271082|51,39423951950495|25,04948280046108
23068|Córdoba|Ayapel|2024|49191|24931|24260|49,31796466833364|24,866337338130958
23079|Córdoba|Buenavista|2024|22777|11561|11216|49,24265706633885|24,46766474952803
23090|Córdoba|Canalete|2024|16563|8389|8174|49,35096298979653|23,812111332488076
23162|Córdoba|Cereté|2024|114106|55819|58287|51,08145058103868|23,602615112264036
23168|Córdoba|Chimá|2024|19019|9731|9288|48,83537515116462|22,167306377832695
23182|Córdoba|Chinú|2024|51639|26242|25397|49,181819942291675|22,757992989794534
23189|Córdoba|Ciénaga de Oro|2024|63710|32123|31587|49,579343902056195|23,572437607910846
23300|Córdoba|Cotorra|2024|20538|10269|10269|50,0|23,643977018210148
23350|Córdoba|La Apartada|2024|15806|7931|7875|49,822852081488044|25,38276603821334
23417|Córdoba|Lorica|2024|118451|57901|60550|51,11818389038505|23,36662417370896
23419|Córdoba|Los Córdobas|2024|20339|10322|10017|49,250208958159206|23,890063424947147
23464|Córdoba|Momil|2024|21094|10497|10597|50,237034227742484|24,60415283967005
23466|Córdoba|Montelíbano|2024|86647|42329|44318|51,147760453333646|25,464239962145257
23500|Córdoba|Moñitos|2024|32414|16353|16061|49,54957734312334|24,90898994261739
23555|Córdoba|Planeta Rica|2024|68822|33786|35036|50,908139839004974|23,944378251140623
23570|Córdoba|Pueblo Nuevo|2024|38645|19520|19125|49,48893776685212|24,3343252684694
23574|Córdoba|Puerto Escondido|2024|25717|13221|12496|48,590426566084695|23,820818913559126
23580|Córdoba|Puerto Libertador|2024|45416|23353|22063|48,57979566672538|25,39193235864013
23586|Córdoba|Purísima de La Concepción|2024|18581|9390|9191|49,46450675421129|23,8899951563425
23660|Córdoba|Sahagún|2024|116069|57467|58602|50,488933306912266|23,294764321222722
23670|Córdoba|San Andrés Sotavento|2024|50790|26449|24341|47,92478834416224|26,98759598346131
23672|Córdoba|San Antero|2024|36581|18071|18510|50,60003827123371|24,93370875591154
23675|Córdoba|San Bernardo del Viento|2024|40064|20020|20044|50,02995207667732|23,517372204472846
23678|Córdoba|San Carlos|2024|29214|14896|14318|49,010748271376734|22,694598480180737
23682|Córdoba|San José de Uré|2024|14693|7692|7001|47,64854012114612|26,29823725583611
23686|Córdoba|San Pelayo|2024|55067|27833|27234|49,45611709372219|22,17843717653041
23807|Córdoba|Tierralta|2024|99803|50209|49594|49,69189302926766|25,607446669939783
23815|Córdoba|Tuchín|2024|57021|29502|27519|48,261166938496345|27,91603093597096
23855|Córdoba|Valencia|2024|38545|19190|19355|50,21403554287197|23,476456090284085
25001|Cundinamarca|Agua de Dios|2024|14082|6775|7307|51,88893623064905|17,128248828291436
25019|Cundinamarca|Albán|2024|7737|3989|3748|48,44254879152126|22,502261858601525
25035|Cundinamarca|Anapoima|2024|17713|8767|8946|50,50527860893129|19,420764410320103
25040|Cundinamarca|Anolaima|2024|16554|8504|8050|48,62873021626193|17,30699528814788
25053|Cundinamarca|Arbeláez|2024|12598|6350|6248|49,595173837117|18,550563581520876
25086|Cundinamarca|Beltrán|2024|2129|1114|1015|47,67496477219352|19,398778769375294
25095|Cundinamarca|Bituima|2024|2944|1589|1355|46,025815217391305|14,09646739130435
25099|Cundinamarca|Bojacá|2024|12189|6079|6110|50,12716383624579|25,432767249159077
25120|Cundinamarca|Cabrera|2024|5678|3195|2483|43,73018668545263|23,45896442409299
25123|Cundinamarca|Cachipay|2024|11993|6084|5909|49,27040773784708|18,08554990411073
25126|Cundinamarca|Cajicá|2024|101582|48606|52976|52,150971628831876|22,580772184048357
25148|Cundinamarca|Caparrapí|2024|14809|7761|7048|47,59268012694983|16,942399891957592
25151|Cundinamarca|Cáqueza|2024|20532|10413|10119|49,28404441846873|20,514319111630623
25154|Cundinamarca|Carmen de Carupa|2024|8995|4709|4286|47,64869371873262|21,167315175097276
25168|Cundinamarca|Chaguaní|2024|4959|2721|2238|45,13006654567453|15,970961887477314
25175|Cundinamarca|Chía|2024|163306|79147|84159|51,53454251527807|23,573536795953608
25178|Cundinamarca|Chipaque|2024|11388|5746|5642|49,54337899543379|20,98700386371619
25181|Cundinamarca|Choachí|2024|13112|6485|6627|50,54148871262966|19,61561928004881
25183|Cundinamarca|Chocontá|2024|24929|12451|12478|50,05415379678286|23,89586425448273
25200|Cundinamarca|Cogua|2024|26870|13270|13600|50,61406773353182|22,847041310011164
25214|Cundinamarca|Cota|2024|40316|19867|20449|50,721797797400534|23,71266990772894
25224|Cundinamarca|Cucunubá|2024|9187|4619|4568|49,722433873952326|21,48688363992598
25245|Cundinamarca|El Colegio|2024|29077|14239|14838|51,030023730095955|17,560271004574062
25258|Cundinamarca|El Peñón|2024|5510|2875|2635|47,82214156079855|14,863883847549907
25260|Cundinamarca|El Rosal|2024|26052|13115|12937|49,658375556579145|28,519883310302475
25269|Cundinamarca|Facatativá|2024|171926|83791|88135|51,26333422518991|26,065283901213316
25279|Cundinamarca|Fómeque|2024|14422|7371|7051|48,890583830259324|19,948689502149495
25281|Cundinamarca|Fosca|2024|6858|3499|3359|48,979294254884806|21,055701370662
25286|Cundinamarca|Funza|2024|115217|56326|58891|51,11311698794449|24,190874610517547
25288|Cundinamarca|Fúquene|2024|5844|2851|2993|51,214921286789874|20,088980150581794
25290|Cundinamarca|Fusagasugá|2024|170450|81675|88775|52,08272220592549|20,99501320035201
25293|Cundinamarca|Gachalá|2024|5137|2687|2450|47,69320615145026|18,921549542534553
25295|Cundinamarca|Gachancipá|2024|20749|10397|10352|49,89156103908622|27,630247240830887
25297|Cundinamarca|Gachetá|2024|9891|4887|5004|50,591446769790714|17,935496916388637
25299|Cundinamarca|Gama|2024|3669|1877|1792|48,841646225129466|18,124829653856636
25307|Cundinamarca|Girardot|2024|123329|60225|63104|51,16720317200334|21,038036471551703
25312|Cundinamarca|Granada|2024|8478|4226|4252|50,15333805142722|22,811983958480774
25317|Cundinamarca|Guachetá|2024|16018|8183|7835|48,91372206267949|22,206267948557873
25320|Cundinamarca|Guaduas|2024|37059|20229|16830|45,414069456812115|20,48355325292102
25322|Cundinamarca|Guasca|2024|18569|9273|9296|50,06193117561527|23,738488879314986
25324|Cundinamarca|Guataquí|2024|3440|1785|1655|48,11046511627907|17,819767441860463
25326|Cundinamarca|Guatavita|2024|7605|3800|3805|50,032873109796185|21,446416831032217
25328|Cundinamarca|Guayabal de Síquima|2024|5337|2673|2664|49,915682967959526|17,59415401911186
25335|Cundinamarca|Guayabetal|2024|7542|3916|3626|48,07743304163352|24,31715725271811
25339|Cundinamarca|Gutiérrez|2024|4057|2155|1902|46,881932462410646|24,007887601676114
25368|Cundinamarca|Jerusalén|2024|2673|1443|1230|46,01571268237935|15,375982042648708
25372|Cundinamarca|Junín|2024|6827|3315|3512|51,442800644499776|18,045993847956645
25377|Cundinamarca|La Calera|2024|36473|18021|18452|50,590848024566114|21,794203931675487
25386|Cundinamarca|La Mesa|2024|40004|20126|19878|49,69003099690031|18,468153184681533
25394|Cundinamarca|La Palma|2024|11166|5809|5357|47,97599856707863|15,394948952176248
25398|Cundinamarca|La Peña|2024|6957|3829|3128|44,96190886876527|16,012649130372285
25402|Cundinamarca|La Vega|2024|20691|10212|10479|50,645208061476|19,40940505533807
25407|Cundinamarca|Lenguazaque|2024|12113|6260|5853|48,31998679105094|21,9516222240568
25426|Cundinamarca|Machetá|2024|7201|3702|3499|48,59047354534092|18,164143868907097
25430|Cundinamarca|Madrid|2024|139005|68225|70780|50,91903168950758|25,60195676414517
25436|Cundinamarca|Manta|2024|4361|2221|2140|49,07131391882596|14,285714285714285
25438|Cundinamarca|Medina|2024|9404|4899|4505|47,905146746065505|21,341982135261592
25473|Cundinamarca|Mosquera|2024|155479|75864|79615|51,206272229690185|25,418866856617296
25483|Cundinamarca|Nariño|2024|2807|1461|1346|47,951549697185605|19,807623797648734
25486|Cundinamarca|Nemocón|2024|16093|7950|8143|50,59963959485491|24,998446529547007
25488|Cundinamarca|Nilo|2024|13148|8636|4512|34,31700638880438|39,90721022208701
25489|Cundinamarca|Nimaima|2024|4262|2268|1994|46,785546691694044|16,4946034725481
25491|Cundinamarca|Nocaima|2024|7299|3745|3554|48,6916015892588|16,879024523907386
25506|Cundinamarca|Venecia|2024|5033|2595|2438|48,44029405920922|19,113848599244985
25513|Cundinamarca|Pacho|2024|29334|14290|15044|51,28519806368037|19,6563714461035
25518|Cundinamarca|Paime|2024|4870|2603|2267|46,550308008213555|18,644763860369608
25524|Cundinamarca|Pandi|2024|5984|3176|2808|46,92513368983957|18,95053475935829
25530|Cundinamarca|Paratebueno|2024|10165|5238|4927|48,47024102311855|23,94490900147565
25535|Cundinamarca|Pasca|2024|10870|5665|5205|47,88408463661454|22,32750689972401
25572|Cundinamarca|Puerto Salgar|2024|18781|9345|9436|50,24226612001491|22,868856823385336
25580|Cundinamarca|Pulí|2024|3948|2123|1825|46,22593718338399|15,29888551165147
25592|Cundinamarca|Quebradanegra|2024|5583|2895|2688|48,14615797958087|15,636754433100483
25594|Cundinamarca|Quetame|2024|6019|3099|2920|48,513042033560396|22,2794484133577
25596|Cundinamarca|Quipile|2024|7364|3938|3426|46,52362846279196|14,516567083107008
25599|Cundinamarca|Apulo|2024|9885|5055|4830|48,861911987860395|19,595346484572584
25612|Cundinamarca|Ricaurte|2024|15820|8042|7778|49,16561314791403|20,493046776232617
25645|Cundinamarca|San Antonio del Tequendama|2024|14259|7132|7127|49,9824672136896|17,308366645627324
25649|Cundinamarca|San Bernardo|2024|10020|5174|4846|48,36327345309381|19,890219560878243
25653|Cundinamarca|San Cayetano|2024|5737|3003|2734|47,65556911277671|19,52239846609726
25658|Cundinamarca|San Francisco|2024|13083|6408|6675|51,02040816326531|18,940609951845907
25662|Cundinamarca|San Juan de Rioseco|2024|9699|4953|4746|48,932879678317356|16,238787503866376
25718|Cundinamarca|Sasaima|2024|12914|6684|6230|48,24221774818027|18,336688864797893
25736|Cundinamarca|Sesquilé|2024|13929|6975|6954|49,92461770407065|23,53363486251705
25740|Cundinamarca|Sibaté|2024|41054|20286|20768|50,587031714327466|24,302138646660495
25743|Cundinamarca|Silvania|2024|26173|13159|13014|49,72299698162228|19,497191762503345
25745|Cundinamarca|Simijaca|2024|15634|7571|8063|51,573493667647426|21,56837661506972
25754|Cundinamarca|Soacha|2024|806253|389925|416328|51,637389256226015|25,731997276289203
25758|Cundinamarca|Sopó|2024|31775|15598|16177|50,911093627065306|24,4720692368214
25769|Cundinamarca|Subachoque|2024|18064|8963|9101|50,381975199291404|23,16762621789194
25772|Cundinamarca|Suesca|2024|20760|10310|10450|50,337186897880535|25,260115606936417
25777|Cundinamarca|Supatá|2024|6231|3176|3055|49,029048306852836|17,83020381961162
25779|Cundinamarca|Susa|2024|7744|3938|3806|49,14772727272727|20,725723140495866
25781|Cundinamarca|Sutatausa|2024|7163|3607|3556|49,644003908976686|22,630182884266368
25785|Cundinamarca|Tabio|2024|26505|12873|13632|51,43180531975099|23,24089794378419
25793|Cundinamarca|Tausa|2024|9711|5048|4663|48,017711873133564|22,87097106374215
25797|Cundinamarca|Tena|2024|11583|5989|5594|48,29491496158163|18,250884917551584
25799|Cundinamarca|Tenjo|2024|26834|13157|13677|50,96892002683163|23,70872773347246
25805|Cundinamarca|Tibacuy|2024|5177|2695|2482|47,94282402936063|17,09484257291868
25807|Cundinamarca|Tibirita|2024|3742|1819|1923|51,38963121325495|14,644575093532868
25815|Cundinamarca|Tocaima|2024|18885|9454|9431|49,93910510987556|19,263966110669845
25817|Cundinamarca|Tocancipá|2024|48318|24134|24184|50,051740552175175|27,138954426921647
25823|Cundinamarca|Topaipí|2024|4849|2590|2259|46,58692513920396|16,436378634770055
25839|Cundinamarca|Ubalá|2024|9004|4875|4129|45,85739671257219|23,589515770768546
25841|Cundinamarca|Ubaque|2024|7971|4175|3796|47,62263204114917|18,70530673692134
25843|Cundinamarca|Villa de San Diego de Ubaté|2024|52218|25473|26745|51,217970814661605|24,311540081964072
25845|Cundinamarca|Une|2024|8330|4392|3938|47,27490996398559|22,256902761104442
25851|Cundinamarca|Útica|2024|5060|2657|2403|47,490118577075094|17,094861660079054
25862|Cundinamarca|Vergara|2024|8050|4227|3823|47,49068322981366|15,875776397515528
25867|Cundinamarca|Vianí|2024|5231|2732|2499|47,77289237239534|16,784553622634295
25871|Cundinamarca|Villagómez|2024|2063|1062|1001|48,52157052835676|16,965584100824042
25873|Cundinamarca|Villapinzón|2024|20735|10394|10341|49,872196768748495|23,39522546419098
25875|Cundinamarca|Villeta|2024|32655|16278|16377|50,151584749655484|20,783953452763743
25878|Cundinamarca|Viotá|2024|15739|8128|7611|48,357583073892876|17,999872927123704
25885|Cundinamarca|Yacopí|2024|14440|7488|6952|48,14404432132964|17,29916897506925
25898|Cundinamarca|Zipacón|2024|5615|2861|2754|49,04719501335708|20,302760463045413
25899|Cundinamarca|Zipaquirá|2024|160629|77835|82794|51,54361914722746|24,231614465631985
27001|Chocó|Quibdó|2024|144610|66574|78036|53,96307309314709|28,48212433441671
27006|Chocó|Acandí|2024|15868|7884|7984|50,315099571464586|25,699521048651373
27025|Chocó|Alto Baudó|2024|31267|15546|15721|50,279847762817035|31,5348450442959
27050|Chocó|Atrato|2024|6841|3458|3383|49,45183452711592|27,671393071188422
27073|Chocó|Bagadó|2024|11843|5890|5953|50,26597990374061|26,0491429536435
27075|Chocó|Bahía Solano|2024|11477|5821|5656|49,28117103772763|28,247799947721532
27077|Chocó|Bajo Baudó|2024|33930|17046|16884|49,761273209549074|28,405540819333925
27099|Chocó|Bojayá|2024|13719|6984|6735|49,09249945331292|28,427727968510823
27135|Chocó|El Cantón del San Pablo|2024|6906|3385|3521|50,98465102809151|25,673327541268463
27150|Chocó|Carmen del Darién|2024|22154|11672|10482|47,31425476211971|27,75571002979146
27160|Chocó|Cértegui|2024|6203|2866|3337|53,79655005642431|24,92342414960503
27205|Chocó|Condoto|2024|13928|6589|7339|52,69241815048823|25,91183228029868
27245|Chocó|El Carmen de Atrato|2024|9273|4585|4688|50,555375822279736|25,676695783457347
27250|Chocó|El Litoral del San Juan|2024|25403|12863|12540|49,364248317127895|30,05550525528481
27361|Chocó|Istmina|2024|33814|16368|17446|51,59401431359791|29,09445791683918
27372|Chocó|Juradó|2024|7535|3866|3669|48,69276708692767|28,08228268082283
27413|Chocó|Lloró|2024|10611|5349|5262|49,59004806333051|23,108095372726417
27425|Chocó|Medio Atrato|2024|12894|6694|6200|48,08438033193734|30,215604156972237
27430|Chocó|Medio Baudó|2024|16893|8526|8367|49,5293908719588|26,448824957082817
27450|Chocó|Medio San Juan|2024|11764|5730|6034|51,29207752465148|24,90649438966338
27491|Chocó|Nóvita|2024|10384|5194|5190|49,98073959938367|24,614791987673343
27495|Chocó|Nuquí|2024|18229|8968|9261|50,803664490646774|27,341049975314057
27580|Chocó|Río Iró|2024|5885|2898|2987|50,75615972812234|24,502973661852167
27600|Chocó|Río Quito|2024|9158|4355|4803|52,44594889713912|27,98645992574798
27615|Chocó|Riosucio|2024|63383|34265|29118|45,93976302794125|27,224965684805074
27660|Chocó|San José del Palmar|2024|5697|2929|2768|48,58697560119361|25,31156749166228
27745|Chocó|Sipí|2024|3612|1953|1659|45,93023255813954|28,903654485049834
27787|Chocó|Tadó|2024|20154|9398|10756|53,36905825146373|25,60781978763521
27800|Chocó|Unguía|2024|14551|7551|7000|48,1066593361281|26,506769294206585
27810|Chocó|Unión Panamericana|2024|7492|3659|3833|51,16123865456487|26,908702616123865
41001|Huila|Neiva|2024|384242|184148|200094|52,07499440456795|24,172526688909592
41006|Huila|Acevedo|2024|27138|13880|13258|48,854005453607485|26,56422728277692
41013|Huila|Agrado|2024|9491|4706|4785|50,41618375302919|24,971025181751134
41016|Huila|Aipe|2024|17547|8677|8870|50,549951558671005|24,26625634011512
41020|Huila|Algeciras|2024|24328|12495|11833|48,63942781979612|25,87553436369615
41026|Huila|Altamira|2024|4602|2558|2044|44,4154715341156|29,139504563233377
41078|Huila|Baraya|2024|8969|4877|4092|45,623815364031664|26,535845690712456
41132|Huila|Campoalegre|2024|33508|16640|16868|50,34021726154948|23,737614897934822
41206|Huila|Colombia|2024|7789|4219|3570|45,833868275773526|22,287841828219285
41244|Huila|Elías|2024|4582|2384|2198|47,97031863814928|23,13400261894369
41298|Huila|Garzón|2024|78726|38880|39846|50,61352031095191|25,052714478063155
41306|Huila|Gigante|2024|26616|13147|13469|50,6048993086865|24,019386834986474
41319|Huila|Guadalupe|2024|19508|9849|9659|49,51302029936436|24,410498257125283
41349|Huila|Hobo|2024|7841|3950|3891|49,623772478000255|24,537686519576585
41357|Huila|Íquira|2024|10053|5099|4954|49,27882224211678|24,510096488610365
41359|Huila|Isnos|2024|27543|13799|13744|49,9001561195222|25,683476745452566
41378|Huila|La Argentina|2024|14061|7094|6967|49,54839627338028|25,24002560273096
41396|Huila|La Plata|2024|66461|33601|32860|49,442530205684534|25,4901370728698
41483|Huila|Nátaga|2024|7028|3579|3449|49,075128059191805|24,573136027319293
41503|Huila|Oporapa|2024|12701|6423|6278|49,42917880481852|26,021573104479963
41518|Huila|Paicol|2024|7174|3642|3532|49,233342626149984|24,4494006133259
41524|Huila|Palermo|2024|28571|14491|14080|49,28073921108817|23,765356480347204
41530|Huila|Palestina|2024|12226|6303|5923|48,4459348928513|24,987731064943564
41548|Huila|Pital|2024|14966|7497|7469|49,90645463049579|24,067887211011627
41551|Huila|Pitalito|2024|135688|67368|68320|50,350804787453576|26,52924355875243
41615|Huila|Rivera|2024|26458|14140|12318|46,556807014891525|25,402524756217403
41660|Huila|Saladoblanco|2024|11405|5839|5566|48,8031565103025|25,35729943007453
41668|Huila|San Agustín|2024|35994|18279|17715|49,216536089348224|25,01805856531644
41676|Huila|Santa María|2024|11293|5821|5472|48,45479500575578|23,997166386256975
41770|Huila|Suaza|2024|23832|12238|11594|48,64887546156428|24,890902987579725
41791|Huila|Tarqui|2024|19013|9645|9368|49,27155104402251|25,798138116025875
41797|Huila|Tesalia|2024|11610|5894|5716|49,233419465977605|23,643410852713178
41799|Huila|Tello|2024|12759|6735|6024|47,21373148365859|23,7165922094208
41801|Huila|Teruel|2024|8699|4506|4193|48,20094263708472|24,244165996091503
41807|Huila|Timaná|2024|23681|12158|11523|48,659262700054896|24,23461847050378
41872|Huila|Villavieja|2024|7865|4053|3812|48,467895740623014|20,94087730451367
41885|Huila|Yaguará|2024|8305|4203|4102|49,391932570740515|23,383503913305237
44001|La Guajira|Riohacha|2024|226715|110163|116552|51,40903777870896|27,905961228855613
44035|La Guajira|Albania|2024|35785|17917|17868|49,93153555959201|30,669274835825068
44078|La Guajira|Barrancas|2024|43744|21781|21963|50,20802852962692|29,172000731528897
44090|La Guajira|Dibulla|2024|46710|24044|22666|48,52494112609719|28,87818454292443
44098|La Guajira|Distracción|2024|15636|7935|7701|49,25172678434382|28,274494755691993
44110|La Guajira|El Molino|2024|8579|4292|4287|49,9708590744842|24,513346543886232
44279|La Guajira|Fonseca|2024|51188|25252|25936|50,668125341877|26,494490896303823
44378|La Guajira|Hatonuevo|2024|24362|12156|12206|50,10261883260816|30,075527460799606
44420|La Guajira|La Jagua del Pilar|2024|4146|2192|1954|47,129763627592865|27,206946454413895
44430|La Guajira|Maicao|2024|203769|99466|104303|51,18688318635317|28,506298799130388
44560|La Guajira|Manaure|2024|98601|48549|50052|50,76216265555116|29,082869342095925
44650|La Guajira|San Juan del Cesar|2024|55912|27558|28354|50,71183288024038|26,26448705108027
44847|La Guajira|Uribia|2024|195532|95239|100293|51,292371581122275|30,343882331280813
44855|La Guajira|Urumita|2024|12822|6316|6506|50,740914053969746|24,933707689907973
44874|La Guajira|Villanueva|2024|33751|16416|17335|51,361441142484665|24,971111967052828
47001|Magdalena|Santa Marta|2024|561281|272238|289043|51,49702199076754|26,52022783596808
47030|Magdalena|Algarrobo|2024|17777|9173|8604|48,3996174832649|26,764920965292234
47053|Magdalena|Aracataca|2024|45393|22959|22434|49,421717004824536|28,231225078756637
47058|Magdalena|Ariguaní|2024|34117|17490|16627|48,73523463376029|25,47996599935516
47161|Magdalena|Cerro de San Antonio|2024|11282|5814|5468|48,4665839390179|23,76351710689594
47170|Magdalena|Chibolo|2024|24932|13322|11610|46,5666613187871|25,738007380073803
47189|Magdalena|Ciénaga|2024|133601|66348|67253|50,338695069647684|27,3291367579584
47205|Magdalena|Concordia|2024|11906|6254|5652|47,47186292625567|20,426675625734923
47245|Magdalena|El Banco|2024|74147|37360|36787|49,6136054054783|25,835165279782053
47258|Magdalena|El Piñón|2024|25694|13266|12428|48,36926909005994|23,1999688643263
47268|Magdalena|El Retén|2024|21875|11140|10735|49,074285714285715|28,690285714285714
47288|Magdalena|Fundación|2024|75067|37039|38028|50,65874485459656|27,09179799379221
47318|Magdalena|Guamal|2024|30354|15606|14748|48,58667720893457|22,0564011332938
47460|Magdalena|Nueva Granada|2024|22349|11697|10652|47,662087789162825|25,87140364222113
47541|Magdalena|Pedraza|2024|10544|5470|5074|48,12215477996965|22,572078907435507
47545|Magdalena|Pijiño del Carmen|2024|13675|7040|6635|48,519195612431446|24,914076782449726
47551|Magdalena|Pivijay|2024|42136|21377|20759|49,2666603379533|23,476362255553447
47555|Magdalena|Plato|2024|70559|35927|34632|49,08232826428946|26,030697713969868
47570|Magdalena|Puebloviejo|2024|34212|17329|16883|49,34818192447095|27,297439494914066
47605|Magdalena|Remolino|2024|12939|6602|6337|48,97596413942345|25,156503593786226
47660|Magdalena|Sabanas de San Ángel|2024|17662|9488|8174|46,28014947344582|23,99501755180614
47675|Magdalena|Salamina|2024|12138|6080|6058|49,909375514911844|24,13082880210908
47692|Magdalena|San Sebastián de Buenavista|2024|22375|11371|11004|49,179888268156425|23,1731843575419
47703|Magdalena|San Zenón|2024|13465|6833|6632|49,25362049758634|25,102116598588935
47707|Magdalena|Santa Ana|2024|27959|14448|13511|48,32433205765586|25,14038413391037
47720|Magdalena|Santa Bárbara de Pinto|2024|11739|6003|5736|48,862765141834906|24,661385126501408
47745|Magdalena|Sitionuevo|2024|30855|15793|15062|48,81542699724518|26,883811375789985
47798|Magdalena|Tenerife|2024|14922|7835|7087|47,49363356118483|24,527543224768795
47960|Magdalena|Zapayán|2024|11034|5832|5202|47,14518760195758|25,42142468733007
47980|Magdalena|Zona Bananera|2024|77793|39152|38641|49,67156427956243|28,071934492820688
50001|Meta|Villavicencio|2024|585858|289338|296520|50,612947164671304|24,82785931061793
50006|Meta|Acacías|2024|96750|50007|46743|48,313178294573646|24,32868217054264
50110|Meta|Barranca de Upía|2024|7181|3529|3652|50,85642668152068|27,266397437682777
50124|Meta|Cabuyaro|2024|6652|3647|3005|45,174383644016835|24,158147925435962
50150|Meta|Castilla la Nueva|2024|15896|8092|7804|49,09411172622043|26,57901358832411
50223|Meta|Cubarral|2024|7825|3956|3869|49,44408945686901|22,824281150159745
50226|Meta|Cumaral|2024|25201|12444|12757|50,62100710289275|24,836316019205587
50245|Meta|El Calvario|2024|1905|1037|868|45,56430446194226|23,517060367454068
50251|Meta|El Castillo|2024|8665|4442|4223|48,73629544143105|22,769763416041545
50270|Meta|El Dorado|2024|4341|2172|2169|49,96544574982723|22,5984796129924
50287|Meta|Fuente de Oro|2024|13347|6700|6647|49,80145351015209|23,563347568742042
50313|Meta|Granada|2024|76058|36073|39985|52,57172158089879|24,773199400457546
50318|Meta|Guamal|2024|15593|7737|7856|50,38158147886872|23,112935291476944
50325|Meta|Mapiripán|2024|7573|4065|3508|46,32246137594084|22,56701439323914
50330|Meta|Mesetas|2024|12370|6411|5959|48,17299919159257|23,20129345189976
50350|Meta|La Macarena|2024|29267|15586|13681|46,745481258755596|25,834557692964772
50370|Meta|Uribe|2024|10124|5639|4485|44,30067167127618|28,82259976293955
50400|Meta|Lejanías|2024|12550|6379|6171|49,17131474103586|22,49402390438247
50450|Meta|Puerto Concordia|2024|9171|4872|4299|46,876022244030096|23,12724893686621
50568|Meta|Puerto Gaitán|2024|46127|24548|21579|46,78171136210896|27,558696641880026
50573|Meta|Puerto López|2024|33556|16927|16629|49,55596614614376|24,11193229228752
50577|Meta|Puerto Lleras|2024|11461|6097|5364|46,80219876101562|23,56687898089172
50590|Meta|Puerto Rico|2024|13832|7367|6465|46,73944476576056|23,590225563909776
50606|Meta|Restrepo|2024|20176|10102|10074|49,93061062648692|23,08187946074544
50680|Meta|San Carlos de Guaroa|2024|13620|7052|6568|48,223201174743025|25,38913362701909
50683|Meta|San Juan de Arama|2024|9993|5226|4767|47,703392374662265|25,297708395877116
50686|Meta|San Juanito|2024|1415|748|667|47,13780918727915|26,360424028268554
50689|Meta|San Martín|2024|29867|14743|15124|50,63782770281582|23,263133223959553
50711|Meta|Vistahermosa|2024|19392|10180|9212|47,504125412541256|23,19513201320132
52001|Nariño|Pasto|2024|413484|193394|220090|53,2281781157191|22,877064166932698
52019|Nariño|Albán|2024|10070|5038|5032|49,97020854021847|22,492552135054616
52022|Nariño|Aldana|2024|7769|3735|4034|51,92431458360149|21,457072982365812
52036|Nariño|Ancuya|2024|9108|4631|4477|49,15458937198068|18,972332015810274
52051|Nariño|Arboleda|2024|9146|4578|4568|49,94533129236825|23,584080472337636
52079|Nariño|Barbacoas|2024|58608|29741|28867|49,254368004368004|27,168645918645918
52083|Nariño|Belén|2024|6636|3215|3421|51,552139843279086|21,745027124773962
52110|Nariño|Buesaco|2024|25063|12464|12599|50,269321310298054|21,685352910665124
52203|Nariño|Colón|2024|8904|4512|4392|49,32614555256065|22,237196765498652
52207|Nariño|Consacá|2024|14480|7115|7365|50,863259668508285|20,828729281767956
52210|Nariño|Contadero|2024|7618|3762|3856|50,61695983197689|21,501706484641637
52215|Nariño|Córdoba|2024|16338|7868|8470|51,84233076263924|24,69702533969886
52224|Nariño|Cuaspud Carlosama|2024|9675|4745|4930|50,95607235142119|22,925064599483207
52227|Nariño|Cumbal|2024|38792|18898|19894|51,2837698494535|23,646628170756856
52233|Nariño|Cumbitara|2024|6188|3167|3021|48,820297349709115|24,64447317388494
52240|Nariño|Chachagüí|2024|15949|7896|8053|50,49219386795411|22,7976675653646
52250|Nariño|El Charco|2024|23249|11714|11535|49,61503720590133|26,09144479332444
52254|Nariño|El Peñol|2024|7776|3924|3852|49,53703703703704|21,887860082304528
52256|Nariño|El Rosario|2024|12935|6481|6454|49,89563200618477|22,435253189022035
52258|Nariño|El Tablón de Gómez|2024|15092|7605|7487|49,609064404982774|25,31804929764113
52260|Nariño|El Tambo|2024|14900|7378|7522|50,48322147651007|20,87248322147651
52287|Nariño|Funes|2024|7535|3732|3803|50,47113470471135|21,048440610484406
52317|Nariño|Guachucal|2024|20466|9843|10623|51,90559953092935|21,943711521547936
52320|Nariño|Guaitarilla|2024|11990|5953|6037|50,35029190992494|21,467889908256883
52323|Nariño|Gualmatán|2024|7398|3500|3898|52,689916193565836|21,49229521492295
52352|Nariño|Iles|2024|7995|3880|4115|51,46966854283927|23,076923076923077
52354|Nariño|Imués|2024|7994|3836|4158|52,01401050788091|21,978984238178633
52356|Nariño|Ipiales|2024|121546|57960|63586|52,31435012258734|23,412535171869088
52378|Nariño|La Cruz|2024|19528|9535|9993|51,17267513314216|21,35395329782876
52381|Nariño|La Florida|2024|10516|5195|5321|50,59908710536326|20,435526816279953
52385|Nariño|La Llanada|2024|6683|3254|3429|51,309292234026636|24,165793805177316
52390|Nariño|La Tola|2024|7709|3826|3883|50,36969775586976|26,177195485795824
52399|Nariño|La Unión|2024|33456|16563|16893|50,493185078909605|22,761238641798183
52405|Nariño|Leiva|2024|10207|5272|4935|48,349172136768885|24,140295875379643
52411|Nariño|Linares|2024|10592|5298|5294|49,98111782477341|20,562688821752264
52418|Nariño|Los Andes|2024|9809|4927|4882|49,77061881945152|22,897339178305636
52427|Nariño|Magüí|2024|26143|13173|12970|49,611750755460356|29,070879394101674
52435|Nariño|Mallama|2024|9440|4714|4726|50,0635593220339|23,347457627118644
52473|Nariño|Mosquera|2024|12625|6374|6251|49,51287128712871|30,5029702970297
52480|Nariño|Nariño|2024|4545|2248|2297|50,53905390539054|22,530253025302528
52490|Nariño|Olaya Herrera|2024|26469|13050|13419|50,69704182250935|27,70032868638785
52506|Nariño|Ospina|2024|7439|3653|3786|50,89393735717166|22,382040596854416
52520|Nariño|Francisco Pizarro|2024|14944|7472|7472|50,0|23,882494646680943
52540|Nariño|Policarpa|2024|10386|5170|5216|50,22145195455421|26,17947236664741
52560|Nariño|Potosí|2024|10777|5288|5489|50,93254152361511|21,146886888744547
52565|Nariño|Providencia|2024|5818|2805|3013|51,78755586112066|24,01168786524579
52573|Nariño|Puerres|2024|8924|4367|4557|51,064545047064094|20,27117884356791
52585|Nariño|Pupiales|2024|18277|8940|9337|51,08606445259068|20,86228593314001
52612|Nariño|Ricaurte|2024|20676|10440|10236|49,50667440510737|27,47146449990327
52621|Nariño|Roberto Payán|2024|13328|6684|6644|49,849939975990395|27,003301320528212
52678|Nariño|Samaniego|2024|30137|14827|15310|50,80134054484521|23,738261937153666
52683|Nariño|Sandoná|2024|21386|10492|10894|50,93986720284298|21,2522210792107
52685|Nariño|San Bernardo|2024|9644|4902|4742|49,170468685192866|23,060970551638324
52687|Nariño|San Lorenzo|2024|19392|9855|9537|49,180074257425744|23,030115511551156
52693|Nariño|San Pablo|2024|15941|7679|8262|51,828618028981865|20,78916002760178
52694|Nariño|San Pedro de Cartago|2024|7167|3606|3561|49,68606111343659|23,552392911957583
52696|Nariño|Santa Bárbara|2024|14144|7094|7050|49,84445701357466|26,83116515837104
52699|Nariño|Santacruz|2024|11352|5721|5631|49,60359408033826|26,5415785764623
52720|Nariño|Sapuyes|2024|7678|3823|3855|50,20838760093774|22,649127376921076
52786|Nariño|Taminango|2024|18629|9254|9375|50,324762467121154|22,083847764238556
52788|Nariño|Tangua|2024|14162|6969|7193|50,79084875017653|22,235559949159722
52835|Nariño|San Andrés de Tumaco|2024|267010|131167|135843|50,87562263585633|26,279914609939702
52838|Nariño|Túquerres|2024|46757|22891|23866|51,04262463374468|24,33218555510405
52885|Nariño|Yacuanquer|2024|11496|5665|5831|50,72199025748086|22,973208072373
54001|Norte de Santander|San José de Cúcuta|2024|812176|394132|418044|51,47209471838616|24,52559543744213
54003|Norte de Santander|Ábrego|2024|35936|17990|17946|49,93878005342832|24,265360641139804
54051|Norte de Santander|Arboledas|2024|11028|5909|5119|46,41820819731593|23,014145810663763
54099|Norte de Santander|Bochalema|2024|9385|4889|4496|47,90623335109217|22,216302610548748
54109|Norte de Santander|Bucarasica|2024|7263|3836|3427|47,184359080269864|24,35632658680986
54125|Norte de Santander|Cácota|2024|3181|1710|1471|46,24331971078277|20,77962904746935
54128|Norte de Santander|Cáchira|2024|12500|6541|5959|47,672|20,872
54172|Norte de Santander|Chinácota|2024|19845|9624|10221|51,504157218442934|22,146636432350718
54174|Norte de Santander|Chitagá|2024|13330|6930|6400|48,012003000750184|24,043510877719427
54206|Norte de Santander|Convención|2024|21175|10786|10389|49,06257378984652|25,690672963400235
54223|Norte de Santander|Cucutilla|2024|9280|4816|4464|48,10344827586207|23,08189655172414
54239|Norte de Santander|Durania|2024|5197|2630|2567|49,39388108524149|21,724071579757553
54245|Norte de Santander|El Carmen|2024|15080|7792|7288|48,3289124668435|23,381962864721487
54250|Norte de Santander|El Tarra|2024|23521|12290|11231|47,74882020322265|27,783682666553293
54261|Norte de Santander|El Zulia|2024|30816|15632|15184|49,27310488058151|25,668483904465212
54313|Norte de Santander|Gramalote|2024|8346|4612|3734|44,73999520728493|23,951593577761802
54344|Norte de Santander|Hacarí|2024|11559|5967|5592|48,37788736049831|26,85353404273726
54347|Norte de Santander|Herrán|2024|7841|3920|3921|50,006376737661014|20,864685626833314
54377|Norte de Santander|Labateca|2024|7189|3688|3501|48,699401863958826|21,866740854082625
54385|Norte de Santander|La Esperanza|2024|13144|6756|6388|48,60012172854534|23,638161898965308
54398|Norte de Santander|La Playa|2024|8741|4543|4198|48,02654158563093|23,429813522480266
54405|Norte de Santander|Los Patios|2024|103733|49640|54093|52,14637579169599|23,61543578224866
54418|Norte de Santander|Lourdes|2024|4537|2361|2176|47,96120784659467|23,363456028212475
54480|Norte de Santander|Mutiscua|2024|4843|2485|2358|48,68882923807557|23,745612223828203
54498|Norte de Santander|Ocaña|2024|135344|64677|70667|52,21287977302281|24,57663435394255
54518|Norte de Santander|Pamplona|2024|56894|27261|29633|52,08457833866489|26,609132773227408
54520|Norte de Santander|Pamplonita|2024|6239|3274|2965|47,52364160923225|21,04503926911364
54553|Norte de Santander|Puerto Santander|2024|9913|4914|4999|50,42872995056996|25,945727832139614
54599|Norte de Santander|Ragonvalia|2024|6751|3606|3145|46,585691008739445|21,404236409420825
54660|Norte de Santander|Salazar|2024|11664|6070|5594|47,959533607681756|22,7880658436214
54670|Norte de Santander|San Calixto|2024|14496|7639|6857|47,302704194260485|26,158940397350992
54673|Norte de Santander|San Cayetano|2024|8102|4076|4026|49,69143421377438|24,339669217477166
54680|Norte de Santander|Santiago|2024|3861|1950|1911|49,494949494949495|23,232323232323232
54720|Norte de Santander|Sardinata|2024|28989|15070|13919|48,01476422091138|26,275483804201592
54743|Norte de Santander|Silos|2024|7127|3737|3390|47,565595622281464|22,32355829942472
54800|Norte de Santander|Teorama|2024|18731|9515|9216|49,20185788265442|25,914259783247022
54810|Norte de Santander|Tibú|2024|62151|32521|29630|47,6742128042992|27,103345078920693
54820|Norte de Santander|Toledo|2024|17714|9125|8589|48,48707237213504|22,270520492266005
54871|Norte de Santander|Villa Caro|2024|5727|2893|2834|49,48489610616378|23,782084861183865
54874|Norte de Santander|Villa del Rosario|2024|116221|56250|59971|51,60082945422945|23,952641949389523
63001|Quindio|Armenia|2024|309474|145709|163765|52,91720790761097|21,107750570322548
63111|Quindio|Buenavista|2024|3237|1742|1495|46,1847389558233|20,72907012666049
63130|Quindio|Calarcá|2024|76398|37675|38723|50,68588182936726|21,46129479829315
63190|Quindio|Circasia|2024|29650|14299|15351|51,77403035413154|20,671163575042158
63212|Quindio|Córdoba|2024|5934|3180|2754|46,41051567239636|20,10448264239973
63272|Quindio|Filandia|2024|12654|6284|6370|50,33981349770823|19,685474948632844
63302|Quindio|Génova|2024|7773|4199|3574|45,97967322783995|19,683519876495563
63401|Quindio|La Tebaida|2024|35189|17232|17957|51,03015146778823|23,345363607945664
63470|Quindio|Montenegro|2024|38460|18932|19528|50,774830993239725|22,07748309932397
63548|Quindio|Pijao|2024|5452|2860|2592|47,54218635363169|19,16727806309611
63594|Quindio|Quimbaya|2024|32040|15558|16482|51,44194756554307|20,8458177278402
63690|Quindio|Salento|2024|9787|5074|4713|48,155716767140085|19,485031163788697
66001|Risaralda|Pereira|2024|482483|226512|255971|53,05285367567355|22,1846158310241
66045|Risaralda|Apía|2024|12637|6515|6122|48,44504233599747|20,78816174725014
66075|Risaralda|Balboa|2024|6528|3470|3058|46,84436274509804|20,082720588235293
66088|Risaralda|Belén de Umbría|2024|25317|12795|12522|49,46083659201327|20,563257889955366
66170|Risaralda|Dosquebradas|2024|225939|105322|120617|53,38476314403445|22,087820163849532
66318|Risaralda|Guática|2024|12435|6403|6032|48,508242862887016|20,16887816646562
66383|Risaralda|La Celia|2024|7660|4060|3600|46,99738903394256|19,22976501305483
66400|Risaralda|La Virginia|2024|28540|13386|15154|53,097407147862654|23,46531184302733
66440|Risaralda|Marsella|2024|17234|8685|8549|49,605431124521296|20,331902054079144
66456|Risaralda|Mistrató|2024|17557|8926|8631|49,15987925044142|23,830950617987128
66572|Risaralda|Pueblo Rico|2024|16789|8551|8238|49,06784203943058|22,592173446899753
66594|Risaralda|Quinchía|2024|27939|14237|13702|49,04255699917678|21,307133397759404
66682|Risaralda|Santa Rosa de Cabal|2024|79960|39170|40790|51,013006503251624|21,8184092046023
66687|Risaralda|Santuario|2024|12861|6564|6297|48,961978073244694|20,14617836871161
68001|Santander|Bucaramanga|2024|619703|295092|324611|52,38170542985914|23,752668617063335
68013|Santander|Aguada|2024|1954|1007|947|48,46468781985671|19,959058341862846
68020|Santander|Albania|2024|4320|2244|2076|48,05555555555556|16,52777777777778
68051|Santander|Aratoca|2024|8715|4433|4282|49,13367756741251|22,524383247274812
68077|Santander|Barbosa|2024|33149|16067|17082|51,530966243325594|22,76388428006878
68079|Santander|Barichara|2024|11163|5461|5702|51,079458926811796|18,982352414225566
68081|Santander|Barrancabermeja|2024|216326|105373|110953|51,289720144596586|23,471982101088173
68092|Santander|Betulia|2024|6279|3315|2964|47,20496894409938|21,73913043478261
68101|Santander|Bolívar|2024|11910|6021|5889|49,44584382871536|19,706129303106636
68121|Santander|Cabrera|2024|2025|992|1033|51,01234567901235|17,08641975308642
68132|Santander|California|2024|2262|1149|1113|49,20424403183024|21,396993810786913
68147|Santander|Capitanejo|2024|5752|2886|2866|49,82614742698192|19,228094575799723
68152|Santander|Carcasí|2024|4458|2405|2053|46,052041274113954|20,457604306864063
68160|Santander|Cepitá|2024|2128|1073|1055|49,57706766917293|21,287593984962406
68162|Santander|Cerrito|2024|7112|3719|3393|47,70809898762655|22,455005624296966
68167|Santander|Charalá|2024|12828|6296|6532|50,919862800124726|19,161209853445587
68169|Santander|Charta|2024|3032|1564|1468|48,41688654353562|18,46965699208443
68176|Santander|Chimá|2024|3005|1564|1441|47,95341098169717|19,03494176372712
68179|Santander|Chipatá|2024|5361|2803|2558|47,71497854877821|17,291550083939562
68190|Santander|Cimitarra|2024|35747|18275|17472|48,87682882479648|26,04134612694772
68207|Santander|Concepción|2024|6040|3082|2958|48,973509933774835|19,933774834437088
68209|Santander|Confines|2024|3274|1743|1531|46,7623701893708|20,311545510079412
68211|Santander|Contratación|2024|3858|1864|1994|51,684810782789015|15,914981855883878
68217|Santander|Coromoro|2024|5296|2809|2487|46,95996978851964|20,1095166163142
68229|Santander|Curití|2024|13326|6631|6695|50,24013207263995|21,146630646855773
68235|Santander|El Carmen de Chucurí|2024|22596|11593|11003|48,69445919631793|23,09700832005665
68245|Santander|El Guacamayo|2024|2292|1136|1156|50,43630017452006|17,321116928446774
68250|Santander|El Peñón|2024|5400|2862|2538|47,0|24,35185185185185
68255|Santander|El Playón|2024|14214|7240|6974|49,06430280005628|23,547206979034755
68264|Santander|Encino|2024|2737|1428|1309|47,82608695652174|22,104493971501643
68266|Santander|Enciso|2024|3657|1867|1790|48,94722450095707|19,9343724364233
68271|Santander|Florián|2024|6084|3144|2940|48,32347140039448|20,069033530571993
68276|Santander|Floridablanca|2024|339490|161102|178388|52,54587763998939|23,37123332056909
68296|Santander|Galán|2024|3031|1536|1495|49,32365555922138|18,673705047838997
68298|Santander|Gámbita|2024|4218|2175|2043|48,4352773826458|19,36936936936937
68307|Santander|Girón|2024|175720|86181|89539|50,955497382198956|24,622695196904164
68318|Santander|Guaca|2024|6297|3342|2955|46,92710814673654|20,994124186120374
68320|Santander|Guadalupe|2024|4760|2356|2404|50,50420168067227|17,899159663865547
68322|Santander|Guapotá|2024|2509|1295|1214|48,385811080111594|19,25069748903946
68324|Santander|Guavatá|2024|4464|2237|2227|49,88799283154122|16,913082437275985
68327|Santander|Güepsa|2024|5399|2707|2692|49,86108538618262|22,281904056306722
68344|Santander|Hato|2024|2420|1300|1120|46,28099173553719|20,537190082644628
68368|Santander|Jesús María|2024|3457|1743|1714|49,58056118021406|17,818918137113105
68370|Santander|Jordán|2024|1396|722|674|48,28080229226361|21,99140401146132
68377|Santander|La Belleza|2024|6684|3426|3258|48,74326750448833|20,721125074805506
68385|Santander|Landázuri|2024|10717|5463|5254|49,02491368853224|20,752076140711022
68397|Santander|La Paz|2024|5236|2759|2477|47,30710466004584|17,16959511077158
68406|Santander|Lebrija|2024|46053|23346|22707|49,3062341215556|24,72368792478232
68418|Santander|Los Santos|2024|15503|7960|7543|48,65509901309424|22,27310843062633
68425|Santander|Macaravita|2024|2265|1191|1074|47,41721854304636|20,220750551876378
68432|Santander|Málaga|2024|21728|10488|11240|51,73048600883653|22,924337260677465
68444|Santander|Matanza|2024|5345|2802|2543|47,57717492984097|18,802619270346117
68464|Santander|Mogotes|2024|10897|5470|5427|49,802697990272556|21,308617050564376
68468|Santander|Molagavita|2024|4325|2262|2063|47,69942196531792|20,346820809248555
68498|Santander|Ocamonte|2024|6201|3286|2915|47,008547008547005|20,09353330108047
68500|Santander|Oiba|2024|11136|5542|5594|50,23347701149425|20,58189655172414
68502|Santander|Onzaga|2024|4306|2244|2062|47,886669763121226|17,78913144449605
68522|Santander|Palmar|2024|1491|760|731|49,02749832327297|20,52313883299799
68524|Santander|Palmas del Socorro|2024|2664|1345|1319|49,512012012012015|19,594594594594593
68533|Santander|Páramo|2024|4925|2551|2374|48,203045685279186|22,213197969543145
68547|Santander|Piedecuesta|2024|192193|93365|98828|51,421227620152656|23,90825888559937
68549|Santander|Pinchote|2024|5526|2856|2670|48,31704668838219|20,57546145494028
68572|Santander|Puente Nacional|2024|15576|7762|7814|50,16692347200822|17,65536723163842
68573|Santander|Puerto Parra|2024|7971|4054|3917|49,14063480115418|22,920587128340234
68575|Santander|Puerto Wilches|2024|35915|18514|17401|48,45050814422943|23,402478073228455
68615|Santander|Rionegro|2024|27116|14258|12858|47,4184983035846|21,422776220681516
68655|Santander|Sabana de Torres|2024|34946|17700|17246|49,35042637211698|24,1086247353059
68669|Santander|San Andrés|2024|9161|4800|4361|47,60397336535313|18,2731142888331
68673|Santander|San Benito|2024|3076|1657|1419|46,13133940182055|18,17295188556567
68679|Santander|San Gil|2024|63602|30612|32990|51,869438067985286|22,557466746328732
68682|Santander|San Joaquín|2024|2307|1185|1122|48,634590377113135|18,94234937147811
68684|Santander|San José de Miranda|2024|4467|2324|2143|47,97403178867249|22,050593239310498
68686|Santander|San Miguel|2024|2692|1428|1264|46,95393759286775|20,72808320950966
68689|Santander|San Vicente de Chucurí|2024|36697|19072|17625|48,02844919203205|22,672153037033
68705|Santander|Santa Bárbara|2024|2530|1365|1165|46,047430830039524|20,59288537549407
68720|Santander|Santa Helena del Opón|2024|3572|1869|1703|47,67637178051512|22,816349384098544
68745|Santander|Simacota|2024|10788|5736|5052|46,82981090100111|20,541342232109752
68755|Santander|Socorro|2024|35936|16773|19163|53,32535618878005|23,91473731077471
68770|Santander|Suaita|2024|10691|5377|5314|49,70535964830231|17,987091946497053
68773|Santander|Sucre|2024|7602|3890|3712|48,829255459089715|18,652986056300975
68780|Santander|Suratá|2024|4135|2125|2010|48,60943168077388|19,37122128174123
68820|Santander|Tona|2024|7656|4063|3593|46,930512016718914|22,40073145245559
68855|Santander|Valle de San José|2024|6425|3233|3192|49,68093385214008|21,945525291828794
68861|Santander|Vélez|2024|26342|13604|12738|48,35623718776099|24,33755979044871
68867|Santander|Vetas|2024|2345|1192|1153|49,16844349680171|21,4498933901919
68872|Santander|Villanueva|2024|8818|4338|4480|50,80517124064414|19,95917441596734
68895|Santander|Zapatoca|2024|10011|4873|5138|51,32354410148836|18,219958046149237
70001|Sucre|Sincelejo|2024|314233|151914|162319|51,65561860148361|25,903708394726205
70110|Sucre|Buenavista|2024|11361|5675|5686|50,04841123140569|24,408062670539564
70124|Sucre|Caimito|2024|17181|8851|8330|48,48379023339736|27,05896047959956
70204|Sucre|Coloso|2024|9428|4976|4452|47,22104369961816|23,89690284259652
70215|Sucre|Corozal|2024|71381|35033|36348|50,921113461565405|24,65081744441798
70221|Sucre|Coveñas|2024|21420|12089|9331|43,56209150326797|34,593837535014
70230|Sucre|Chalán|2024|4841|2598|2243|46,33340218963024|25,24271844660194
70233|Sucre|El Roble|2024|10437|5370|5067|48,5484334578902|23,522084890294146
70235|Sucre|Galeras|2024|24554|12543|12011|48,91667345442698|25,79620428443431
70265|Sucre|Guaranda|2024|19170|9877|9293|48,47678664580073|25,200834637454356
70400|Sucre|La Unión|2024|14474|7484|6990|48,2934917783612|24,906729307724195
70418|Sucre|Los Palmitos|2024|24924|12630|12294|49,32595089070775|23,916706788637455
70429|Sucre|Majagual|2024|42142|21782|20360|48,31284704095676|23,575055763846045
70473|Sucre|Morroa|2024|16565|8263|8302|50,11771808028976|24,67853908843948
70508|Sucre|Ovejas|2024|24131|12416|11715|48,54751149973064|23,84484687746053
70523|Sucre|Palmito|2024|16444|8483|7961|48,4127949404038|29,141328144003893
70670|Sucre|Sampués|2024|53227|26909|26318|49,444830631070694|26,789035639806862
70678|Sucre|San Benito Abad|2024|31306|16330|14976|47,8374752443621|25,883217274643837
70702|Sucre|San Juan de Betulia|2024|14476|7402|7074|48,86709035645206|23,611494888090633
70708|Sucre|San Marcos|2024|62361|31061|31300|50,1916261766168|25,238530491813794
70713|Sucre|San Onofre|2024|57051|28986|28065|49,19282747015828|25,282641846768684
70717|Sucre|San Pedro|2024|20308|10167|10141|49,93598581839669|23,414417963364194
70742|Sucre|San Luis de Sincé|2024|33430|16854|16576|49,5842058031708|23,727191145677534
70771|Sucre|Sucre|2024|32983|17714|15269|46,29354515962768|22,43276839584028
70820|Sucre|Santiago de Tolú|2024|34829|17096|17733|50,914467828533695|26,104682879209857
70823|Sucre|Tolú Viejo|2024|23387|11828|11559|49,424894171975886|24,765895583016206
73001|Tolima|Ibagué|2024|544132|258659|285473|52,46392419486449|24,825961347614182
73024|Tolima|Alpujarra|2024|4739|2439|2300|48,5334458746571|19,687697826545687
73026|Tolima|Alvarado|2024|9334|4762|4572|48,98221555603171|21,16991643454039
73030|Tolima|Ambalema|2024|6900|3495|3405|49,34782608695652|21,318840579710145
73043|Tolima|Anzoátegui|2024|10589|5478|5111|48,26706960052885|23,788837472849185
73055|Tolima|Armero|2024|13543|6888|6655|49,13977700657166|20,74134239090305
73067|Tolima|Ataco|2024|20116|10572|9544|47,44482004374627|23,77212169417379
73124|Tolima|Cajamarca|2024|19408|9964|9444|48,660346248969496|24,31471558120363
73148|Tolima|Carmen de Apicalá|2024|11211|5586|5625|50,17393631255017|23,03987155472304
73152|Tolima|Casabianca|2024|6436|3448|2988|46,42635177128651|21,255438160348042
73168|Tolima|Chaparral|2024|54809|27984|26825|48,9426918936671|24,401102008794176
73200|Tolima|Coello|2024|8524|4296|4228|49,60112623181605|20,260441107461286
73217|Tolima|Coyaima|2024|23636|12042|11594|49,05229311220173|21,62802504653918
73226|Tolima|Cunday|2024|8801|4594|4207|47,80138620611294|18,054766503806384
73236|Tolima|Dolores|2024|8648|4462|4186|48,40425531914894|19,784921369102683
73268|Tolima|Espinal|2024|75257|36814|38443|51,08229134831311|23,59780485536229
73270|Tolima|Falan|2024|7955|4134|3821|48,03268384663733|19,811439346323066
73275|Tolima|Flandes|2024|30317|14873|15444|50,941715868984396|22,756209387472374
73283|Tolima|Fresno|2024|32165|16454|15711|48,84501787657391|22,493393440074616
73319|Tolima|Guamo|2024|34880|17295|17585|50,415711009174316|20,46158256880734
73347|Tolima|Herveo|2024|7703|3924|3779|49,058808256523434|21,108658964039982
73349|Tolima|Honda|2024|26144|12761|13383|51,18956548347613|21,84440024479804
73352|Tolima|Icononzo|2024|12634|6564|6070|48,044958049707134|19,874940636378028
73408|Tolima|Lérida|2024|18777|9164|9613|51,19561165255365|21,755338978537573
73411|Tolima|Líbano|2024|38066|18687|19379|50,90894761729628|20,65360163925813
73443|Tolima|Mariquita|2024|39526|19347|20179|51,052471790720034|22,21828669736376
73449|Tolima|Melgar|2024|38156|19195|18961|49,69336408428556|24,680259985323406
73461|Tolima|Murillo|2024|4479|2415|2064|46,081714668452776|23,241795043536502
73483|Tolima|Natagaima|2024|14923|7437|7486|50,16417610400053|20,036185753534813
73504|Tolima|Ortega|2024|34847|18058|16789|48,17918328694005|23,91023617528051
73520|Tolima|Palocabildo|2024|9762|5047|4715|48,29952878508502|21,75783650891211
73547|Tolima|Piedras|2024|7076|3687|3389|47,894290559638215|23,671565856416056
73555|Tolima|Planadas|2024|27453|14169|13284|48,38815430007649|25,77496084216661
73563|Tolima|Prado|2024|8818|4564|4254|48,242231798593785|20,185983216148788
73585|Tolima|Purificación|2024|24070|11894|12176|50,58579144162858|19,825508932280847
73616|Tolima|Rioblanco|2024|23429|12246|11183|47,73144393700115|25,225148320457553
73622|Tolima|Roncesvalles|2024|5652|3008|2644|46,77990092002831|24,734607218683653
73624|Tolima|Rovira|2024|22495|11531|10964|48,73971993776395|24,27650589019782
73671|Tolima|Saldaña|2024|14936|7328|7608|50,937332619175145|21,565345474022497
73675|Tolima|San Antonio|2024|13535|7081|6454|47,68378278537126|23,450314000738825
73678|Tolima|San Luis|2024|13478|6889|6589|48,8870752337142|19,75070485235198
73686|Tolima|Santa Isabel|2024|5815|3069|2746|47,22269991401548|21,771281169389507
73770|Tolima|Suárez|2024|3934|2050|1884|47,89018810371123|19,369598373157093
73854|Tolima|Valle de San Juan|2024|5545|2797|2748|49,558160504959424|20,018034265103697
73861|Tolima|Venadillo|2024|13266|6785|6481|48,854213779586914|20,752299110508066
73870|Tolima|Villahermosa|2024|9801|5107|4694|47,893072135496375|20,232629323538415
73873|Tolima|Villarrica|2024|5228|2762|2466|47,169089517980105|18,553940321346595
76001|Valle del Cauca|Cali|2024|2283846|1063219|1220627|53,446116769694626|23,478027853016357
76020|Valle del Cauca|Alcalá|2024|14890|7520|7370|49,49630624580255|22,71994627266622
76036|Valle del Cauca|Andalucía|2024|23029|11153|11876|51,56975986799252|22,11993573320596
76041|Valle del Cauca|Ansermanuevo|2024|18345|9265|9080|49,49577541564459|23,10711365494685
76054|Valle del Cauca|Argelia|2024|5550|2951|2599|46,828828828828826|22,306306306306308
76100|Valle del Cauca|Bolívar|2024|16472|8345|8127|49,3382710053424|21,39388052452647
76109|Valle del Cauca|Buenaventura|2024|324130|154356|169774|52,37836670471724|26,406071637923056
76111|Valle del Cauca|Guadalajara de Buga|2024|133690|64022|69668|52,11160146607824|22,397337123195452
76113|Valle del Cauca|Bugalagrande|2024|26121|12970|13151|50,346464530454426|22,200528310554727
76122|Valle del Cauca|Caicedonia|2024|29596|14710|14886|50,297337478037576|22,486146776591433
76126|Valle del Cauca|Calima|2024|19420|9698|9722|50,061791967044286|22,657054582904223
76130|Valle del Cauca|Candelaria|2024|94103|46272|47831|50,82834766160483|23,85046172810644
76147|Valle del Cauca|Cartago|2024|143281|66667|76614|53,471151094702016|22,53543735736071
76233|Valle del Cauca|Dagua|2024|49793|25493|24300|48,802040447452455|22,28827345209166
76243|Valle del Cauca|El Águila|2024|9157|4819|4338|47,37359397182483|21,251501583488043
76246|Valle del Cauca|El Cairo|2024|7056|3845|3211|45,50736961451247|20,875850340136054
76248|Valle del Cauca|El Cerrito|2024|57960|27967|29993|51,74775707384403|23,083160800552104
76250|Valle del Cauca|El Dovio|2024|9220|4528|4692|50,889370932754886|22,906724511930584
76275|Valle del Cauca|Florida|2024|58522|28549|29973|51,21663647858925|24,67619015071255
76306|Valle del Cauca|Ginebra|2024|25104|12528|12576|50,09560229445506|22,44263862332696
76318|Valle del Cauca|Guacarí|2024|35513|17294|18219|51,30233998817334|23,36609129051333
76364|Valle del Cauca|Jamundí|2024|181478|88362|93116|51,30980063699181|23,68110735185532
76377|Valle del Cauca|La Cumbre|2024|17342|8911|8431|48,61607657709607|19,842002075885134
76400|Valle del Cauca|La Unión|2024|34776|16427|18349|52,76340004600875|22,725442834138487
76403|Valle del Cauca|La Victoria|2024|12501|5930|6571|52,56379489640829|19,75041996640269
76497|Valle del Cauca|Obando|2024|12640|6219|6421|50,79905063291139|22,966772151898734
76520|Valle del Cauca|Palmira|2024|359549|172407|187142|52,049094838255705|22,681470397637042
76563|Valle del Cauca|Pradera|2024|49416|23688|25728|52,06410879067509|25,271167233284764
76606|Valle del Cauca|Restrepo|2024|16541|8234|8307|50,22066380509038|22,646756544344356
76616|Valle del Cauca|Riofrío|2024|15991|7999|7992|49,97811268838721|21,868551059971235
76622|Valle del Cauca|Roldanillo|2024|37773|17962|19811|52,44751542106796|22,129563444788605
76670|Valle del Cauca|San Pedro|2024|18136|9046|9090|50,12130569033965|22,9874283193648
76736|Valle del Cauca|Sevilla|2024|43794|21740|22054|50,35849659770745|21,461844088231263
76823|Valle del Cauca|Toro|2024|14995|7242|7753|51,70390130043347|21,48049349783261
76828|Valle del Cauca|Trujillo|2024|19748|9978|9770|49,47336439133076|21,971845250151915
76834|Valle del Cauca|Tuluá|2024|232775|110458|122317|52,54730963376652|23,589302974975833
76845|Valle del Cauca|Ulloa|2024|5831|3067|2764|47,40181787000515|21,608643457382954
76863|Valle del Cauca|Versalles|2024|7461|3666|3795|50,86449537595497|20,57364964481973
76869|Valle del Cauca|Vijes|2024|13291|6778|6513|49,00308479422165|21,518320668121284
76890|Valle del Cauca|Yotoco|2024|16468|8295|8173|49,62958464901627|22,692494534855477
76892|Valle del Cauca|Yumbo|2024|108869|52656|56213|51,63361471125848|24,631437783023635
76895|Valle del Cauca|Zarzal|2024|43194|20531|22663|52,46793536139278|23,753299069315183
81001|Arauca|Arauca|2024|100690|49748|50942|50,592908928394074|26,122753004270532
81065|Arauca|Arauquita|2024|63432|32889|30543|48,150775633749525|25,163955101526042
81220|Arauca|Cravo Norte|2024|4576|2389|2187|47,79283216783217|24,388111888111887
81300|Arauca|Fortul|2024|24198|12004|12194|50,392594429291684|25,617819654516904
81591|Arauca|Puerto Rondón|2024|5235|2670|2565|48,99713467048711|25,119388729703918
81736|Arauca|Saravena|2024|65107|31409|33698|51,757875497258354|25,522601256393322
81794|Arauca|Tame|2024|54160|26956|27204|50,228951255539144|25,683161004431316
85001|Casanare|Yopal|2024|194079|95480|98599|50,80353876514203|26,01569463981162
85010|Casanare|Aguazul|2024|41166|20521|20645|50,150609726473306|25,052227566438322
85015|Casanare|Chámeza|2024|2531|1309|1222|48,28131173449229|23,627024891347293
85125|Casanare|Hato Corozal|2024|13866|7206|6660|48,031155344006926|25,11178422039521
85136|Casanare|La Salina|2024|1437|778|659|45,85942936673625|27,905358385525403
85139|Casanare|Maní|2024|18304|9529|8775|47,940340909090914|23,83631993006993
85162|Casanare|Monterrey|2024|19474|9623|9851|50,58539591249872|24,134743760911988
85225|Casanare|Nunchía|2024|9987|5363|4624|46,30019024732152|23,700811054370682
85230|Casanare|Orocué|2024|14075|7193|6882|48,89520426287744|25,03730017761989
85250|Casanare|Paz de Ariporo|2024|40991|20719|20272|49,454758361591566|24,666390183210947
85263|Casanare|Pore|2024|12875|6574|6301|48,939805825242715|25,07961165048544
85279|Casanare|Recetor|2024|1592|874|718|45,10050251256281|23,05276381909548
85300|Casanare|Sabanalarga|2024|4078|2075|2003|49,11721432074546|21,456596370769983
85315|Casanare|Sácama|2024|2367|1199|1168|49,34516265314745|26,70046472327841
85325|Casanare|San Luis de Palenque|2024|9031|4599|4432|49,07540693167977|22,943195659395414
85400|Casanare|Támara|2024|7076|3739|3337|47,159412097230074|24,519502543810063
85410|Casanare|Tauramena|2024|26791|13437|13354|49,8450972341458|25,941547534619836
85430|Casanare|Trinidad|2024|15197|7665|7532|49,562413634269916|24,491675988681976
85440|Casanare|Villanueva|2024|40227|20312|19915|49,506550326894875|25,664354786586124
86001|Putumayo|Mocoa|2024|64807|31268|33539|51,75212554199392|26,67304457851775
86219|Putumayo|Colón|2024|5893|2777|3116|52,876293908026476|23,53639911759715
86320|Putumayo|Orito|2024|40980|20120|20860|50,902879453391904|26,847242557345048
86568|Putumayo|Puerto Asís|2024|73141|36315|36826|50,34932527583709|27,958327066898182
86569|Putumayo|Puerto Caicedo|2024|17043|8901|8142|47,77327935222672|26,069353986974125
86571|Putumayo|Puerto Guzmán|2024|38586|20228|18358|47,57684134141917|25,75804696003732
86573|Putumayo|Puerto Leguízamo|2024|32718|17282|15436|47,17892291704872|28,247447888012715
86749|Putumayo|Sibundoy|2024|16997|8017|8980|52,832852856386424|24,79849385185621
86755|Putumayo|San Francisco|2024|6332|3045|3287|51,910928616550855|23,547062539481995
86757|Putumayo|San Miguel|2024|21293|10709|10584|49,706476306767485|27,318837176536892
86760|Putumayo|Santiago|2024|7831|3744|4087|52,19001404673732|24,134848678329714
86865|Putumayo|Valle del Guamuez|2024|35984|17874|18110|50,32792352156514|27,692863494886616
86885|Putumayo|Villagarzón|2024|27111|13444|13667|50,41127217734499|27,90380288443805
88001|Archipiélago de San Andrés|San Andrés|2024|56309|26755|29554|52,485393098794155|20,71249711413806
88564|Archipiélago de San Andrés|Providencia|2024|5940|2855|3085|51,936026936026934|20,319865319865322
91001|Amazonas|Leticia|2024|54927|27573|27354|49,80064449178|28,800043694357967
91263|Amazonas|El Encanto (ANM)|2024|2152|1164|988|45,91078066914498|28,15985130111524
91405|Amazonas|La Chorrera (ANM)|2024|3204|1784|1420|44,31960049937578|26,654182272159797
91407|Amazonas|La Pedrera (ANM)|2024|4254|2200|2054|48,28396803008933|30,18335684062059
91430|Amazonas|La Victoria (ANM)|2024|694|334|360|51,873198847262245|25,072046109510087
91460|Amazonas|Miriti - Paraná (ANM)|2024|1938|1071|867|44,73684210526316|32,81733746130031
91530|Amazonas|Puerto Alegría (ANM)|2024|792|431|361|45,58080808080808|24,747474747474747
91536|Amazonas|Puerto Arica (ANM)|2024|1093|559|534|48,85635864592864|22,50686184812443
91540|Amazonas|Puerto Nariño|2024|10928|5618|5310|48,59077598828697|30,691800878477306
91669|Amazonas|Puerto Santander (ANM)|2024|1961|1008|953|48,59765425803161|25,395206527282
91798|Amazonas|Tarapacá (ANM)|2024|4375|2309|2066|47,222857142857144|29,005714285714284
94001|Guainía|Inírida|2024|37917|19338|18579|48,999129677980854|31,695545533665637
94343|Guainía|Barrancominas*|2024|11085|5909|5176|46,69373026612539|33,910690121786196
94663|Guainía|Mapiripana (ANM)|2024|0|0|0||
94883|Guainía|San Felipe (ANM)|2024|2002|1035|967|48,3016983016983|29,42057942057942
94884|Guainía|Puerto Colombia (ANM)|2024|2215|1158|1057|47,72009029345373|28,306997742663658
94885|Guainía|La Guadalupe (ANM)|2024|334|175|159|47,604790419161674|25,449101796407188
94886|Guainía|Cacahual (ANM)|2024|1010|522|488|48,31683168316832|26,534653465346537
94887|Guainía|Pana Pana (ANM)|2024|2324|1237|1087|46,77280550774527|29,948364888123923
94888|Guainía|Morichal (ANM)|2024|1047|542|505|48,23304680038205|31,32760267430755
95001|Guaviare|San José del Guaviare|2024|63208|31724|31484|49,810150613846346|28,836539678521707
95015|Guaviare|Calamar|2024|11618|6400|5218|44,91306593217421|27,268032363573763
95025|Guaviare|El Retorno|2024|17478|9273|8205|46,944730518365944|25,94118320173933
95200|Guaviare|Miraflores|2024|8193|4925|3268|39,887709019895034|24,752837788355915
97001|Vaupés|Mitú|2024|34886|18155|16731|47,95906667431061|33,729862982285155
97161|Vaupés|Carurú|2024|3600|1944|1656|46,0|33,63888888888889
97511|Vaupés|Pacoa (ANM)|2024|4809|2500|2309|48,014140153878145|33,68683718028696
97666|Vaupés|Taraira|2024|2608|1332|1276|48,92638036809816|34,50920245398773
97777|Vaupés|Papunahua (ANM)|2024|825|465|360|43,63636363636363|31,393939393939398
97889|Vaupés|Yavaraté (ANM)|2024|1233|638|595|48,25628548256285|35,44201135442011
99001|Vichada|Puerto Carreño|2024|22614|11505|11109|49,124436189970815|29,742637304324752
99524|Vichada|La Primavera|2024|11205|5790|5415|48,32663989290496|28,746095493083445
99624|Vichada|Santa Rosalía|2024|4640|2364|2276|49,05172413793103|27,93103448275862
99773|Vichada|Cumaribo|2024|87018|45573|41445|47,62807694959664|30,985543220942795
